/*--------------------------------*- C++ -*----------------------------------*\
| =========                 |                                                 |
| \\      /  F ield         | OpenFOAM: The Open Source CFD Toolbox           |
|  \\    /   O peration     | Version:  2.1.x                                 |
|   \\  /    A nd           | Web:      www.OpenFOAM.org                      |
|    \\/     M anipulation  |                                                 |
\*---------------------------------------------------------------------------*/
FoamFile
{
    version     2.0;
    format      ascii;
    class       cellSet;
    location    "constant/polyMesh/sets";
    object      nonClosedCells;
}
// * * * * * * * * * * * * * * * * * * * * * * * * * * * * * * * * * * * * * //


573
(
0 
2 
4 
5 
7 
8 
11 
12 
14 
15 
16 
17 
18 
19 
20 
21 
22 
23 
24 
25 
27 
29 
31 
34 
35 
36 
37 
38 
39 
40 
42 
44 
46 
47 
50 
51 
52 
53 
54 
56 
57 
58 
59 
60 
62 
63 
65 
67 
68 
69 
70 
71 
75 
76 
78 
79 
81 
82 
83 
84 
85 
86 
87 
88 
89 
90 
91 
93 
95 
96 
101 
102 
103 
104 
108 
109 
110 
111 
114 
115 
116 
117 
119 
120 
121 
122 
126 
128 
130 
131 
135 
137 
138 
139 
140 
141 
142 
143 
144 
146 
150 
152 
153 
155 
157 
158 
161 
162 
164 
165 
167 
169 
170 
171 
172 
176 
179 
181 
182 
183 
184 
185 
186 
189 
192 
193 
194 
195 
196 
197 
200 
201 
203 
207 
208 
209 
210 
213 
214 
215 
216 
217 
219 
220 
221 
222 
224 
226 
227 
228 
229 
231 
233 
234 
235 
237 
239 
241 
242 
244 
248 
249 
250 
251 
252 
254 
255 
256 
257 
258 
259 
260 
261 
264 
265 
267 
268 
270 
271 
274 
275 
276 
277 
278 
279 
281 
282 
283 
284 
288 
290 
291 
292 
293 
294 
297 
302 
306 
307 
308 
309 
310 
312 
315 
316 
317 
318 
319 
320 
322 
325 
326 
327 
328 
329 
330 
331 
332 
333 
334 
337 
340 
341 
342 
343 
345 
346 
347 
348 
349 
353 
355 
357 
358 
360 
361 
363 
364 
365 
366 
370 
371 
373 
374 
375 
376 
378 
380 
381 
383 
384 
385 
388 
391 
392 
393 
394 
395 
396 
400 
401 
402 
403 
406 
407 
409 
411 
413 
415 
417 
419 
423 
426 
428 
430 
431 
433 
434 
435 
437 
438 
440 
442 
444 
447 
452 
454 
455 
457 
458 
459 
460 
461 
462 
464 
465 
467 
469 
473 
475 
477 
478 
479 
480 
482 
483 
484 
487 
488 
489 
490 
491 
492 
494 
495 
496 
497 
498 
499 
501 
502 
504 
505 
506 
507 
509 
510 
511 
513 
514 
515 
516 
517 
518 
519 
521 
522 
524 
525 
526 
528 
530 
532 
533 
535 
538 
539 
540 
541 
544 
545 
546 
547 
548 
550 
553 
556 
558 
561 
563 
565 
566 
569 
570 
571 
574 
576 
577 
579 
580 
581 
582 
585 
586 
587 
588 
593 
595 
596 
597 
598 
599 
600 
603 
604 
605 
606 
609 
611 
612 
613 
614 
615 
616 
618 
619 
620 
621 
623 
624 
625 
626 
627 
628 
629 
630 
632 
634 
635 
636 
637 
638 
639 
640 
642 
644 
645 
647 
650 
655 
656 
658 
659 
662 
664 
665 
667 
668 
669 
670 
671 
672 
673 
675 
676 
677 
679 
680 
683 
684 
688 
689 
690 
691 
692 
693 
694 
697 
698 
699 
700 
701 
702 
703 
704 
705 
706 
707 
708 
710 
712 
713 
715 
716 
717 
718 
719 
720 
722 
724 
725 
726 
728 
730 
731 
732 
733 
734 
736 
737 
738 
739 
740 
741 
744 
748 
749 
750 
752 
753 
755 
759 
760 
761 
767 
771 
772 
774 
775 
776 
778 
779 
780 
781 
783 
786 
788 
789 
790 
791 
792 
794 
795 
797 
798 
799 
801 
802 
803 
804 
805 
806 
807 
808 
810 
814 
815 
816 
817 
818 
820 
821 
822 
824 
825 
827 
828 
829 
832 
834 
835 
836 
837 
839 
840 
841 
842 
843 
844 
845 
846 
847 
849 
850 
853 
854 
856 
857 
858 
859 
860 
862 
863 
865 
866 
867 
868 
869 
870 
876 
877 
878 
879 
)

// ************************************************************************* //
