FoamFile
{
    version     2.0;
    format      ascii;
    location    "constant/polyMesh";
    class       faceList;
    object      faces;
}

// * * * * * * * * * * * * * * * * * * * * * * * * * * * * * * * * * * * * * //

3120
(
4(81 82 563 562)
4(80 561 563 82)
4(80 81 562 561)
4(1 79 560 482)
4(41 39 520 522)
4(21 19 500 502)
4(61 59 540 542)
4(83 564 502 21)
4(84 21 502 565)
4(83 84 565 564)
4(23 85 566 504)
4(85 83 564 566)
4(23 504 564 83)
4(62 543 567 86)
4(63 86 567 544)
4(87 62 543 568)
4(86 87 568 567)
4(23 88 569 504)
4(88 85 566 569)
4(18 499 565 84)
4(19 84 565 500)
4(89 90 571 570)
4(89 570 572 91)
4(90 91 572 571)
4(92 25 506 573)
4(92 573 507 26)
4(86 567 575 94)
4(86 93 574 567)
4(93 94 575 574)
4(94 95 576 575)
4(95 86 567 576)
4(96 577 579 98)
4(96 97 578 577)
4(97 98 579 578)
4(57 99 580 538)
4(57 538 581 100)
4(99 100 581 580)
4(101 102 583 582)
4(101 582 584 103)
4(102 103 584 583)
4(105 92 573 586)
4(104 105 586 585)
4(104 585 573 92)
4(106 107 588 587)
4(106 587 589 108)
4(107 108 589 588)
4(99 580 539 58)
4(109 110 591 590)
4(3 484 591 110)
4(3 109 590 484)
4(79 560 592 111)
4(1 111 592 482)
4(108 112 593 589)
4(108 589 594 113)
4(112 113 594 593)
4(115 116 597 596)
4(114 595 597 116)
4(114 115 596 595)
4(117 118 599 598)
4(117 598 600 119)
4(118 119 600 599)
4(56 115 596 537)
4(115 55 536 596)
4(120 121 602 601)
4(121 122 603 602)
4(120 601 603 122)
4(4 123 604 485)
4(4 485 605 124)
4(123 124 605 604)
4(125 606 608 127)
4(125 126 607 606)
4(126 127 608 607)
4(114 595 610 129)
4(114 128 609 595)
4(128 129 610 609)
4(70 130 611 551)
4(70 551 612 131)
4(130 131 612 611)
4(132 133 614 613)
4(132 613 615 134)
4(133 134 615 614)
4(135 616 617 136)
4(105 136 617 586)
4(135 105 586 616)
4(137 102 583 618)
4(137 618 582 101)
4(139 140 621 620)
4(138 619 621 140)
4(138 139 620 619)
4(141 622 623 142)
4(141 29 510 622)
4(29 142 623 510)
4(143 624 625 144)
4(130 144 625 611)
4(143 130 611 624)
4(145 146 627 626)
4(146 147 628 627)
4(145 626 628 147)
4(141 622 629 148)
4(142 148 629 623)
4(15 102 583 496)
4(15 496 630 149)
4(102 149 630 583)
4(151 152 633 632)
4(150 631 633 152)
4(150 151 632 631)
4(153 154 635 634)
4(154 155 636 635)
4(153 634 636 155)
4(123 156 637 604)
4(123 604 638 157)
4(156 157 638 637)
4(156 637 639 158)
4(123 158 639 604)
4(159 640 642 161)
4(160 161 642 641)
4(159 160 641 640)
4(162 77 558 643)
4(162 643 559 78)
4(42 523 644 163)
4(43 163 644 524)
4(42 164 645 523)
4(164 41 522 645)
4(165 646 644 163)
4(165 166 647 646)
4(166 163 644 647)
4(163 167 648 644)
4(167 165 646 648)
4(164 645 519 38)
4(164 168 649 645)
4(168 38 519 649)
4(169 170 651 650)
4(169 650 652 171)
4(170 171 652 651)
4(172 653 655 174)
4(173 174 655 654)
4(172 173 654 653)
4(175 656 494 13)
4(175 12 493 656)
4(176 657 659 178)
4(177 178 659 658)
4(176 177 658 657)
4(179 180 661 660)
4(180 181 662 661)
4(179 660 662 181)
4(181 182 663 662)
4(181 662 664 183)
4(182 183 664 663)
4(176 185 666 657)
4(184 176 657 665)
4(184 665 666 185)
4(186 667 669 188)
4(186 187 668 667)
4(187 188 669 668)
4(190 191 672 671)
4(189 190 671 670)
4(189 670 672 191)
4(35 177 658 516)
4(35 516 673 192)
4(177 192 673 658)
4(193 674 675 194)
4(193 188 669 674)
4(188 194 675 669)
4(195 196 677 676)
4(196 197 678 677)
4(195 676 678 197)
4(50 198 679 531)
4(50 531 680 199)
4(198 199 680 679)
4(200 681 653 172)
4(201 172 653 682)
4(200 201 682 681)
4(203 204 685 684)
4(202 683 685 204)
4(202 203 684 683)
4(31 205 686 512)
4(205 201 682 686)
4(31 512 682 201)
4(206 143 624 687)
4(206 687 625 144)
4(207 688 689 208)
4(207 10 491 688)
4(10 208 689 491)
4(209 210 691 690)
4(210 211 692 691)
4(209 690 692 211)
4(212 693 695 214)
4(213 214 695 694)
4(212 213 694 693)
4(215 696 698 217)
4(216 217 698 697)
4(215 216 697 696)
4(218 219 700 699)
4(219 220 701 700)
4(218 699 701 220)
4(80 561 703 222)
4(80 221 702 561)
4(221 222 703 702)
4(223 212 693 704)
4(223 704 695 214)
4(76 81 562 557)
4(81 75 556 562)
4(8 489 706 225)
4(8 224 705 489)
4(224 225 706 705)
4(226 204 685 707)
4(226 707 684 203)
4(11 492 709 228)
4(11 227 708 492)
4(227 228 709 708)
4(229 230 711 710)
4(229 710 712 231)
4(230 231 712 711)
4(84 232 713 565)
4(232 18 499 713)
4(46 181 662 527)
4(181 45 526 662)
4(233 234 715 714)
4(233 714 716 235)
4(234 235 716 715)
4(66 108 589 547)
4(108 65 546 589)
4(236 198 679 717)
4(202 236 717 683)
4(202 683 679 198)
4(118 130 611 599)
4(130 237 718 611)
4(118 599 718 237)
4(77 558 719 238)
4(162 238 719 643)
4(239 720 670 189)
4(240 189 670 721)
4(239 240 721 720)
4(241 722 715 234)
4(241 242 723 722)
4(242 234 715 723)
4(243 244 725 724)
4(243 724 615 134)
4(244 134 615 725)
4(245 49 530 726)
4(49 199 680 530)
4(245 726 680 199)
4(246 247 728 727)
4(247 248 729 728)
4(246 727 729 248)
4(250 251 732 731)
4(249 730 732 251)
4(249 250 731 730)
4(217 252 733 698)
4(252 215 696 733)
4(253 69 550 734)
4(69 131 612 550)
4(253 734 612 131)
4(254 255 736 735)
4(254 735 701 220)
4(255 220 701 736)
4(257 258 739 738)
4(256 737 739 258)
4(256 257 738 737)
4(259 216 697 740)
4(259 740 741 260)
4(216 260 741 697)
4(262 263 744 743)
4(261 262 743 742)
4(261 742 744 263)
4(264 745 730 249)
4(265 249 730 746)
4(264 265 746 745)
4(266 747 749 268)
4(267 268 749 748)
4(266 267 748 747)
4(161 269 750 642)
4(156 637 750 269)
4(156 161 642 637)
4(207 270 751 688)
4(207 688 490 9)
4(270 9 490 751)
4(271 272 753 752)
4(271 752 743 262)
4(272 262 743 753)
4(155 234 715 636)
4(233 155 636 714)
4(89 570 755 274)
4(89 273 754 570)
4(273 274 755 754)
4(275 141 622 756)
4(275 756 629 148)
4(206 73 554 687)
4(222 206 687 703)
4(222 703 554 73)
4(252 276 757 733)
4(276 277 758 757)
4(252 733 758 277)
4(226 53 534 707)
4(129 226 707 610)
4(129 610 534 53)
4(278 279 760 759)
4(279 280 761 760)
4(278 759 761 280)
4(281 762 577 96)
4(281 282 763 762)
4(282 96 577 763)
4(87 99 580 568)
4(59 87 568 540)
4(59 540 580 99)
4(283 764 766 285)
4(284 285 766 765)
4(283 284 765 764)
4(111 162 643 592)
4(79 560 643 162)
4(286 767 672 191)
4(196 191 672 677)
4(286 196 677 767)
4(39 164 645 520)
4(88 569 505 24)
4(102 583 621 140)
4(137 140 621 618)
4(288 289 770 769)
4(287 768 770 289)
4(287 288 769 768)
4(290 291 772 771)
4(291 231 712 772)
4(290 771 712 231)
4(149 630 495 14)
4(149 292 773 630)
4(292 14 495 773)
4(293 294 775 774)
4(294 295 776 775)
4(293 774 776 295)
4(240 721 778 297)
4(240 296 777 721)
4(296 297 778 777)
4(189 195 676 670)
4(239 720 676 195)
4(298 299 780 779)
4(298 779 578 97)
4(299 97 578 780)
4(301 67 548 782)
4(300 781 548 67)
4(300 301 782 781)
4(303 170 651 784)
4(302 303 784 783)
4(302 783 651 170)
4(305 47 528 786)
4(304 785 528 47)
4(304 305 786 785)
4(306 787 739 258)
4(306 307 788 787)
4(307 258 739 788)
4(308 309 790 789)
4(308 789 791 310)
4(309 310 791 790)
4(311 792 793 312)
4(311 273 754 792)
4(273 312 793 754)
4(105 313 794 586)
4(313 92 573 794)
4(314 115 596 795)
4(314 795 537 56)
4(315 96 577 796)
4(98 315 796 579)
4(316 81 562 797)
4(316 797 557 76)
4(318 285 766 799)
4(317 318 799 798)
4(317 798 766 285)
4(5 486 800 319)
4(6 319 800 487)
4(161 320 801 642)
4(320 269 750 801)
4(321 307 788 802)
4(321 802 803 322)
4(307 322 803 788)
4(324 325 806 805)
4(323 804 806 325)
4(323 324 805 804)
4(326 807 809 328)
4(326 327 808 807)
4(327 328 809 808)
4(293 774 811 330)
4(293 329 810 774)
4(329 330 811 810)
4(133 332 813 614)
4(331 133 614 812)
4(331 812 813 332)
4(333 814 816 335)
4(334 335 816 815)
4(333 334 815 814)
4(11 492 689 208)
4(228 208 689 709)
4(337 213 694 818)
4(336 337 818 817)
4(336 817 694 213)
4(119 600 820 339)
4(119 338 819 600)
4(338 339 820 819)
4(340 341 822 821)
4(340 821 823 342)
4(341 342 823 822)
4(343 824 826 345)
4(343 344 825 824)
4(344 345 826 825)
4(346 827 790 309)
4(346 347 828 827)
4(347 309 790 828)
4(348 275 756 829)
4(174 348 829 655)
4(174 655 756 275)
4(326 290 771 807)
4(349 830 771 290)
4(349 326 807 830)
4(344 202 683 825)
4(344 825 685 204)
4(194 675 831 350)
4(194 187 668 675)
4(187 350 831 668)
4(173 351 832 654)
4(351 352 833 832)
4(173 654 833 352)
4(205 686 513 32)
4(143 119 600 624)
4(237 143 624 718)
4(237 718 600 119)
4(353 834 836 355)
4(354 355 836 835)
4(353 354 835 834)
4(106 298 779 587)
4(106 587 837 356)
4(298 356 837 779)
4(112 593 547 66)
4(16 102 583 497)
4(358 359 840 839)
4(357 358 839 838)
4(357 838 840 359)
4(179 302 783 660)
4(179 660 841 360)
4(302 360 841 783)
4(182 663 527 46)
4(36 177 658 517)
4(169 361 842 650)
4(361 170 651 842)
4(327 261 742 808)
4(327 808 843 362)
4(261 362 843 742)
4(363 844 846 365)
4(363 364 845 844)
4(364 365 846 845)
4(338 221 702 819)
4(338 819 691 210)
4(221 210 691 702)
4(366 222 703 847)
4(222 74 555 703)
4(366 847 555 74)
4(344 128 609 825)
4(344 825 627 146)
4(128 146 627 609)
4(367 129 610 848)
4(129 54 535 610)
4(367 848 535 54)
4(28 141 622 509)
4(27 508 622 141)
4(368 348 829 849)
4(266 368 849 747)
4(266 747 829 348)
4(321 369 850 802)
4(321 802 851 370)
4(369 370 851 850)
4(290 251 732 771)
4(291 772 732 251)
4(225 7 488 706)
4(324 805 852 371)
4(324 160 641 805)
4(160 371 852 641)
4(372 853 828 347)
4(372 310 791 853)
4(310 347 828 791)
4(373 854 855 374)
4(373 126 607 854)
4(126 374 855 607)
4(375 243 724 856)
4(272 375 856 753)
4(272 753 724 243)
4(169 650 858 377)
4(169 376 857 650)
4(376 377 858 857)
4(271 333 814 752)
4(333 272 753 814)
4(378 859 722 241)
4(378 352 833 859)
4(352 241 722 833)
4(331 812 737 256)
4(331 379 860 812)
4(379 256 737 860)
4(288 380 861 769)
4(288 769 803 322)
4(380 322 803 861)
4(248 729 632 151)
4(248 330 811 729)
4(330 151 632 811)
4(381 228 709 862)
4(381 862 863 382)
4(228 382 863 709)
4(383 864 804 323)
4(383 384 865 864)
4(384 323 804 865)
4(385 386 867 866)
4(386 317 798 867)
4(385 866 798 317)
4(362 843 868 387)
4(331 387 868 812)
4(362 331 812 843)
4(388 379 860 869)
4(332 388 869 813)
4(332 813 860 379)
4(389 390 871 870)
4(389 870 782 301)
4(390 301 782 871)
4(253 300 781 734)
4(69 550 781 300)
4(305 391 872 786)
4(183 664 872 391)
4(183 305 786 664)
4(245 304 785 726)
4(49 530 785 304)
4(296 205 686 777)
4(33 514 686 205)
4(33 296 777 514)
4(392 873 678 197)
4(392 393 874 873)
4(393 197 678 874)
4(394 395 876 875)
4(295 394 875 776)
4(295 776 876 395)
4(359 89 570 840)
4(359 840 755 274)
4(299 780 587 106)
4(346 396 877 827)
4(346 827 796 315)
4(396 315 796 877)
4(385 866 878 397)
4(285 397 878 766)
4(385 285 766 866)
4(398 318 799 879)
4(318 399 880 799)
4(398 879 880 399)
4(401 250 731 882)
4(400 401 882 881)
4(400 881 731 250)
4(401 882 736 255)
4(401 218 699 882)
4(218 255 736 699)
4(238 316 797 719)
4(77 558 797 316)
4(82 563 765 284)
4(82 402 883 563)
4(402 284 765 883)
4(85 566 884 403)
4(85 90 571 566)
4(90 403 884 571)
4(24 505 794 313)
4(25 313 794 506)
4(100 314 795 581)
4(57 538 795 314)
4(404 282 763 885)
4(404 885 886 405)
4(282 405 886 763)
4(406 196 677 887)
4(406 887 858 377)
4(196 377 858 677)
4(191 407 888 672)
4(407 286 767 888)
4(293 395 876 774)
4(408 293 774 889)
4(408 889 876 395)
4(357 838 890 409)
4(357 294 775 838)
4(294 409 890 775)
4(410 891 892 411)
4(117 411 892 598)
4(410 117 598 891)
4(276 757 698 217)
4(412 413 894 893)
4(412 893 895 414)
4(413 414 895 894)
4(279 760 896 415)
4(278 415 896 759)
4(244 725 856 375)
4(327 153 634 808)
4(153 261 742 634)
4(287 340 821 768)
4(340 416 897 821)
4(287 768 897 416)
4(417 219 700 898)
4(218 417 898 699)
4(159 640 899 418)
4(224 418 899 705)
4(159 224 705 640)
4(207 223 704 688)
4(270 751 704 223)
4(235 334 815 716)
4(334 271 752 815)
4(235 716 752 271)
4(419 900 814 333)
4(375 333 814 856)
4(419 375 856 900)
4(194 675 901 420)
4(194 171 652 675)
4(171 420 901 652)
4(421 902 888 407)
4(421 361 842 902)
4(361 407 888 842)
4(265 422 903 746)
4(265 746 881 400)
4(422 400 881 903)
4(424 425 906 905)
4(423 424 905 904)
4(423 904 906 425)
4(311 426 907 792)
4(311 792 908 427)
4(426 427 908 907)
4(136 368 849 617)
4(368 135 616 849)
4(318 283 764 799)
4(277 758 880 399)
4(277 428 909 758)
4(428 399 880 909)
4(315 281 762 796)
4(280 761 910 429)
4(279 429 910 760)
4(363 430 911 844)
4(363 844 859 378)
4(430 378 859 911)
4(365 430 911 846)
4(109 590 601 120)
4(109 157 638 590)
4(157 120 601 638)
4(5 123 604 486)
4(431 363 844 912)
4(431 912 635 154)
4(363 154 635 844)
4(387 328 809 868)
4(328 362 843 809)
4(432 388 869 913)
4(388 372 853 869)
4(432 913 853 372)
4(278 308 789 759)
4(308 433 914 789)
4(278 759 914 433)
4(394 875 915 434)
4(294 434 915 775)
4(394 294 775 875)
4(138 357 838 619)
4(409 138 619 890)
4(353 435 916 834)
4(435 436 917 916)
4(353 834 917 436)
4(97 437 918 578)
4(437 298 779 918)
4(368 275 756 849)
4(142 30 511 623)
4(142 623 919 438)
4(30 438 919 511)
4(52 226 707 533)
4(51 532 707 226)
4(414 895 826 345)
4(414 343 824 895)
4(72 206 687 553)
4(71 552 687 206)
4(411 892 820 339)
4(411 119 600 892)
4(1 110 591 482)
4(110 111 592 591)
4(122 402 883 603)
4(238 122 603 719)
4(238 719 883 402)
4(164 645 644 163)
4(166 439 920 647)
4(166 647 921 440)
4(439 440 921 920)
4(95 404 885 576)
4(404 100 581 885)
4(95 576 581 100)
4(87 61 542 568)
4(101 441 922 582)
4(441 442 923 922)
4(101 582 923 442)
4(83 564 503 22)
4(443 334 815 924)
4(443 924 716 235)
4(444 925 714 233)
4(444 153 634 925)
4(153 233 714 634)
4(345 279 760 826)
4(279 414 895 760)
4(350 831 927 446)
4(445 446 927 926)
4(350 445 926 831)
4(339 276 757 820)
4(276 411 892 757)
4(448 449 930 929)
4(447 448 929 928)
4(447 928 930 449)
4(450 355 836 931)
4(355 447 928 836)
4(450 931 928 447)
4(373 450 931 854)
4(127 373 854 608)
4(127 608 931 450)
4(197 451 932 678)
4(451 392 873 932)
4(452 933 832 351)
4(392 351 832 873)
4(452 392 873 933)
4(236 717 667 186)
4(236 445 926 717)
4(445 186 667 926)
4(446 453 934 927)
4(350 831 934 453)
4(151 329 810 632)
4(152 633 810 329)
4(381 248 729 862)
4(381 862 632 151)
4(118 599 935 454)
4(118 448 929 599)
4(448 454 935 929)
4(450 353 834 931)
4(175 656 727 246)
4(139 246 727 620)
4(175 139 620 656)
4(455 296 777 936)
4(455 936 720 239)
4(296 239 720 777)
4(34 515 673 192)
4(47 528 663 182)
4(305 182 663 786)
4(193 674 872 391)
4(193 456 937 674)
4(456 391 872 937)
4(67 548 593 112)
4(301 112 593 782)
4(299 113 594 780)
4(390 299 780 871)
4(390 871 594 113)
4(408 889 772 291)
4(408 231 712 889)
4(230 268 749 711)
4(268 364 845 749)
4(230 711 845 364)
4(257 306 787 738)
4(321 264 745 802)
4(369 850 745 264)
4(219 457 938 700)
4(219 700 939 458)
4(457 458 939 938)
4(417 459 940 898)
4(417 898 861 380)
4(459 380 861 940)
4(334 815 887 406)
4(443 406 887 924)
4(171 335 816 652)
4(335 376 857 816)
4(171 652 857 376)
4(232 101 582 713)
4(103 232 713 584)
4(460 941 923 442)
4(460 137 618 941)
4(137 442 923 618)
4(461 942 837 356)
4(461 94 575 942)
4(94 356 837 575)
4(64 107 588 545)
4(93 64 545 574)
4(93 574 588 107)
4(439 920 841 360)
4(439 165 646 920)
4(165 360 841 646)
4(44 180 661 525)
4(167 44 525 648)
4(167 648 661 180)
4(178 168 649 659)
4(168 176 657 649)
4(421 902 666 185)
4(407 185 666 888)
4(75 556 847 366)
4(81 366 847 562)
4(80 561 692 211)
4(80 462 943 561)
4(462 211 692 943)
4(105 91 572 586)
4(91 313 794 572)
4(27 104 585 508)
4(26 507 585 104)
4(55 536 848 367)
4(115 367 848 596)
4(114 595 628 147)
4(114 463 944 595)
4(463 147 628 944)
4(325 806 695 214)
4(418 214 695 899)
4(325 418 899 806)
4(381 862 945 464)
4(381 336 817 862)
4(336 464 945 817)
4(125 606 853 372)
4(125 465 946 606)
4(465 372 853 946)
4(216 697 891 410)
4(259 410 891 740)
4(172 452 933 653)
4(172 653 832 351)
4(430 911 947 466)
4(430 267 748 911)
4(267 466 947 748)
4(467 109 590 948)
4(120 467 948 601)
4(468 316 797 949)
4(238 468 949 719)
4(460 941 884 403)
4(442 403 884 923)
4(85 441 922 566)
4(441 83 564 922)
4(95 461 942 576)
4(461 404 885 942)
4(405 314 795 886)
4(100 405 886 581)
4(337 401 882 818)
4(337 818 736 255)
4(417 265 746 898)
4(459 940 746 265)
4(469 158 639 950)
4(319 469 950 800)
4(319 800 639 158)
4(269 470 951 750)
4(470 156 637 951)
4(328 369 850 809)
4(471 328 809 952)
4(471 952 850 369)
4(264 745 940 459)
4(321 459 940 802)
4(132 332 813 613)
4(262 472 953 743)
4(263 744 953 472)
4(385 384 865 866)
4(384 386 867 865)
4(121 602 878 397)
4(121 470 951 602)
4(470 397 878 951)
4(467 110 591 948)
4(3 484 605 124)
4(309 396 877 790)
4(146 627 954 473)
4(145 473 954 626)
4(340 399 880 821)
4(341 822 880 399)
4(210 691 879 398)
4(209 398 879 690)
4(268 749 908 427)
4(268 229 710 749)
4(229 427 908 710)
4(311 394 875 792)
4(311 792 915 434)
4(457 938 898 417)
4(383 864 867 386)
4(341 386 867 822)
4(383 341 822 864)
4(464 207 688 945)
4(464 945 689 208)
4(12 227 708 493)
4(431 364 845 912)
4(234 378 859 715)
4(245 236 717 726)
4(186 245 726 667)
4(50 531 684 203)
4(51 203 684 532)
4(253 118 599 734)
4(454 253 734 935)
4(70 551 625 144)
4(71 144 625 552)
4(30 511 955 474)
4(31 474 955 512)
4(174 200 681 655)
4(408 425 906 889)
4(408 889 905 424)
4(337 818 904 423)
4(337 152 633 818)
4(152 423 904 633)
4(335 419 900 816)
4(412 244 725 893)
4(446 412 893 927)
4(446 927 725 244)
4(330 409 890 811)
4(293 774 890 409)
4(357 838 915 434)
4(274 434 915 755)
4(357 274 755 838)
4(286 169 650 767)
4(286 767 858 377)
4(197 475 956 678)
4(451 932 956 475)
4(170 651 901 420)
4(303 420 901 784)
4(171 476 957 652)
4(476 335 816 957)
4(415 412 893 896)
4(279 760 893 412)
4(146 429 910 627)
4(429 345 826 910)
4(146 627 826 345)
4(217 410 891 698)
4(276 757 891 410)
4(210 428 909 691)
4(428 339 820 909)
4(210 691 820 339)
4(388 869 738 257)
4(432 257 738 913)
4(388 132 613 869)
4(132 433 914 613)
4(388 869 914 433)
4(159 640 852 371)
4(418 371 852 899)
4(384 865 801 320)
4(385 320 801 866)
4(387 369 850 868)
4(290 771 952 471)
4(326 471 952 807)
4(394 229 710 875)
4(395 876 710 229)
4(425 906 772 291)
4(190 177 658 671)
4(190 671 665 184)
4(177 184 665 658)
4(302 361 842 783)
4(421 302 783 902)
4(471 952 730 249)
4(471 264 745 952)
4(251 732 906 425)
4(250 425 906 731)
4(421 439 920 902)
4(421 902 841 360)
4(179 303 784 660)
4(401 882 904 423)
4(228 709 945 464)
4(201 682 933 452)
4(201 455 936 682)
4(455 452 933 936)
4(438 474 955 919)
4(201 682 955 474)
4(201 438 919 682)
4(253 130 611 734)
4(253 389 870 734)
4(389 300 781 870)
4(245 198 679 726)
4(245 477 958 726)
4(477 304 785 958)
4(159 469 950 640)
4(159 640 706 225)
4(469 225 706 950)
4(224 705 751 270)
4(8 270 751 489)
4(284 462 943 765)
4(462 82 563 943)
4(284 765 878 397)
4(284 121 602 765)
4(89 570 884 403)
4(89 460 941 570)
4(89 478 959 570)
4(478 273 754 959)
4(282 463 944 763)
4(282 763 597 116)
4(463 116 597 944)
4(282 479 960 763)
4(282 763 918 437)
4(479 437 918 960)
4(262 743 925 444)
4(261 444 925 742)
4(327 154 635 808)
4(219 383 864 700)
4(219 700 804 323)
4(254 325 806 735)
4(214 254 735 695)
4(450 931 741 260)
4(450 259 740 931)
4(435 916 854 373)
4(353 373 854 834)
4(207 688 693 212)
4(464 212 693 945)
4(81 468 949 562)
4(468 82 563 949)
4(366 80 561 847)
4(115 405 886 596)
4(405 116 597 886)
4(367 114 595 848)
4(105 478 959 586)
4(478 91 572 959)
4(313 794 569 88)
4(90 88 569 571)
4(313 90 571 794)
4(340 821 758 277)
4(287 277 758 768)
4(289 306 787 770)
4(289 770 696 215)
4(306 215 696 787)
4(280 308 789 761)
4(278 759 615 134)
4(278 132 613 759)
4(289 307 788 770)
4(432 913 697 216)
4(465 216 697 946)
4(432 465 946 913)
4(175 382 863 656)
4(175 656 708 227)
4(382 227 708 863)
4(175 656 773 292)
4(13 292 773 494)
4(383 458 939 864)
4(383 864 823 342)
4(458 342 823 939)
4(444 271 752 925)
4(243 133 614 724)
4(243 724 953 472)
4(133 472 953 614)
4(358 460 941 839)
4(460 359 840 941)
4(358 839 619 138)
4(96 437 918 577)
4(479 461 942 960)
4(479 960 837 356)
4(211 221 702 692)
4(398 428 909 879)
4(312 426 907 793)
4(141 622 617 136)
4(275 136 617 756)
4(147 128 609 628)
4(473 429 910 954)
4(427 266 747 908)
4(174 466 947 655)
4(466 348 829 947)
4(303 784 937 456)
4(179 456 937 660)
4(420 193 674 901)
4(190 671 673 192)
4(240 192 673 721)
4(190 240 721 671)
4(36 517 659 178)
4(37 178 659 518)
4(107 588 546 65)
4(107 588 837 356)
4(180 661 526 45)
4(180 661 841 360)
4(140 621 630 149)
4(139 149 630 620)
4(16 497 584 103)
4(17 103 584 498)
4(202 683 824 343)
4(343 413 894 824)
4(413 480 961 894)
4(343 824 961 480)
4(143 338 819 624)
4(117 448 929 598)
4(331 263 744 812)
4(263 133 614 744)
4(258 370 851 739)
4(370 256 737 851)
4(429 396 877 910)
4(396 280 761 877)
4(126 347 828 607)
4(346 126 607 827)
4(290 230 711 771)
4(230 349 830 711)
4(251 732 952 471)
4(97 435 916 578)
4(98 579 916 435)
4(98 346 827 579)
4(206 221 702 687)
4(206 687 819 338)
4(226 128 609 707)
4(226 707 825 344)
4(141 622 585 104)
4(136 104 585 617)
4(269 750 878 397)
4(269 385 866 750)
4(470 951 601 120)
4(173 466 947 654)
4(148 438 919 629)
4(148 629 681 200)
4(438 200 681 919)
4(455 205 686 936)
4(33 514 778 297)
4(34 297 778 515)
4(68 300 781 549)
4(389 354 835 870)
4(354 390 871 835)
4(48 304 785 529)
4(477 186 667 958)
4(477 958 669 188)
4(394 875 908 427)
4(87 95 576 568)
4(95 99 580 576)
4(441 232 713 922)
4(84 441 922 565)
4(2 110 591 483)
4(467 162 643 948)
4(111 467 948 592)
4(166 168 649 647)
4(164 166 647 645)
4(401 422 903 882)
4(422 218 699 903)
4(250 731 904 423)
4(155 363 844 636)
4(155 636 859 378)
4(241 451 932 722)
4(451 242 723 932)
4(330 247 728 811)
4(247 409 890 728)
4(424 329 810 905)
4(293 424 905 774)
4(134 415 896 615)
4(387 868 737 256)
4(370 851 788 307)
4(194 476 957 675)
4(391 188 669 872)
4(139 292 773 620)
4(181 662 937 456)
4(183 456 937 664)
4(113 106 587 594)
4(192 673 778 297)
4(239 393 874 720)
4(455 936 874 393)
4(480 445 926 961)
4(480 961 717 236)
4(417 422 903 898)
4(288 457 938 769)
4(457 380 861 938)
4(191 672 676 195)
4(190 407 888 671)
4(299 436 917 780)
4(299 780 916 435)
4(138 247 728 619)
4(138 619 727 246)
4(140 358 839 621)
4(410 891 930 449)
4(259 449 930 740)
4(415 244 725 896)
4(412 893 926 445)
4(289 770 803 322)
4(334 376 857 815)
4(476 957 900 419)
4(453 419 900 934)
4(476 453 934 957)
4(117 449 930 598)
4(354 454 935 835)
4(454 355 836 935)
4(441 922 884 403)
4(358 137 618 839)
4(404 479 960 885)
4(439 920 666 185)
4(432 913 787 306)
4(216 306 787 697)
4(260 125 606 741)
4(260 741 608 127)
4(347 125 606 828)
4(346 827 855 374)
4(98 374 855 579)
4(121 402 883 602)
4(467 122 603 948)
4(467 948 719 238)
4(351 832 932 451)
4(388 310 791 869)
4(260 465 946 741)
4(242 475 956 723)
4(443 242 723 924)
4(443 924 956 475)
4(241 351 832 722)
4(390 436 917 871)
4(389 454 935 870)
4(435 916 855 374)
4(382 863 727 246)
4(382 248 729 863)
4(150 336 817 631)
4(381 150 631 862)
4(364 845 830 349)
4(431 349 830 912)
4(268 749 846 365)
4(267 365 846 748)
4(286 361 842 767)
4(157 638 605 124)
4(109 124 605 590)
4(123 604 800 319)
4(326 807 635 154)
4(326 431 912 807)
4(249 730 881 400)
4(252 287 768 733)
4(289 252 733 770)
4(288 416 897 769)
4(416 457 938 897)
4(325 806 852 371)
4(223 704 705 224)
4(223 418 899 704)
4(271 752 714 233)
4(445 187 668 926)
4(445 413 894 926)
4(475 196 677 956)
4(406 475 956 887)
4(406 376 857 887)
4(375 446 927 856)
4(232 17 498 713)
4(168 649 921 440)
4(168 37 518 649)
4(63 93 574 544)
4(43 167 648 524)
4(6 487 706 225)
4(469 950 642 161)
4(362 263 744 843)
4(257 379 860 738)
4(212 693 817 336)
4(255 213 694 736)
4(337 150 631 818)
4(430 352 833 911)
4(135 312 793 616)
4(478 135 616 959)
4(478 959 793 312)
4(274 755 792 311)
4(318 799 690 209)
4(283 462 943 764)
4(315 473 954 796)
4(315 796 626 145)
4(281 463 944 762)
4(476 957 831 350)
4(375 453 934 856)
4(318 341 822 799)
4(276 428 909 757)
4(341 317 798 822)
4(416 897 823 342)
4(473 396 877 954)
4(148 174 655 629)
4(452 393 874 933)
4(462 943 690 209)
4(283 209 690 764)
4(463 944 626 145)
4(281 145 626 762)
4(426 907 616 135)
4(157 470 951 638)
4(459 940 803 322)
4(220 323 804 701)
4(325 220 701 806)
4(324 384 865 805)
4(160 641 865 384)
4(329 810 904 423)
4(407 888 665 184)
4(185 666 921 440)
4(176 440 921 657)
4(436 354 835 917)
4(165 180 661 646)
4(280 761 790 309)
4(426 266 747 907)
4(298 479 960 779)
4(94 107 588 575)
4(193 674 784 303)
4(262 743 724 243)
4(195 393 874 676)
4(477 391 872 958)
4(477 958 786 305)
4(352 833 947 466)
4(355 836 929 448)
4(468 402 883 949)
4(426 368 849 907)
4(267 748 829 348)
4(161 158 639 642)
4(160 320 801 641)
4(387 370 851 868)
4(203 198 679 684)
4(310 433 914 791)
4(301 782 594 113)
4(231 395 876 712)
4(242 235 716 723)
4(254 213 694 735)
4(458 416 897 939)
4(343 236 717 824)
4(447 259 740 928)
4(469 6 487 950)
4(1 482 481 0)
4(1 2 483 482)
4(2 3 484 483)
4(3 4 485 484)
4(4 5 486 485)
4(5 6 487 486)
4(6 7 488 487)
4(8 489 488 7)
4(9 490 489 8)
4(10 491 490 9)
4(10 11 492 491)
4(11 12 493 492)
4(12 13 494 493)
4(14 495 494 13)
4(14 15 496 495)
4(15 16 497 496)
4(16 17 498 497)
4(18 499 498 17)
4(18 19 500 499)
4(19 20 501 500)
3(80 82 81)
3(1 0 79)
3(41 40 39)
3(21 20 19)
3(61 60 59)
3(83 21 84)
3(23 83 85)
3(62 86 63)
3(86 62 87)
3(23 85 88)
3(18 84 19)
3(89 91 90)
3(92 26 25)
3(86 94 93)
3(94 86 95)
3(96 98 97)
3(57 100 99)
3(101 103 102)
3(104 92 105)
3(106 108 107)
3(99 58 57)
3(3 110 109)
3(79 111 1)
3(108 113 112)
3(114 116 115)
3(117 119 118)
3(56 55 115)
3(120 122 121)
3(4 124 123)
3(125 127 126)
3(114 129 128)
3(70 131 130)
3(132 134 133)
3(135 136 105)
3(137 101 102)
3(138 140 139)
3(141 142 29)
3(143 144 130)
3(145 147 146)
3(141 148 142)
3(15 149 102)
3(150 152 151)
3(153 155 154)
3(123 157 156)
3(156 158 123)
3(159 161 160)
3(162 78 77)
3(42 163 43)
3(42 41 164)
3(165 163 166)
3(163 165 167)
3(164 38 168)
3(169 171 170)
3(172 174 173)
3(175 13 12)
3(176 178 177)
3(179 181 180)
3(181 183 182)
3(184 185 176)
3(186 188 187)
3(189 191 190)
3(35 192 177)
3(193 194 188)
3(195 197 196)
3(50 199 198)
3(200 172 201)
3(202 204 203)
3(31 201 205)
3(206 144 143)
3(207 208 10)
3(209 211 210)
3(212 214 213)
3(215 217 216)
3(218 220 219)
3(80 222 221)
3(223 214 212)
3(76 75 81)
3(8 225 224)
3(226 203 204)
3(11 228 227)
3(229 231 230)
3(84 18 232)
3(46 45 181)
3(233 235 234)
3(66 65 108)
3(202 198 236)
3(118 237 130)
3(77 238 162)
3(239 189 240)
3(241 234 242)
3(243 134 244)
3(245 199 49)
3(246 248 247)
3(249 251 250)
3(217 215 252)
3(253 131 69)
3(254 220 255)
3(256 258 257)
3(259 260 216)
3(261 263 262)
3(264 249 265)
3(266 268 267)
3(156 269 161)
3(207 9 270)
3(271 262 272)
3(233 234 155)
3(89 274 273)
3(275 148 141)
3(222 73 206)
3(252 277 276)
3(129 53 226)
3(278 280 279)
3(281 96 282)
3(59 99 87)
3(283 285 284)
3(79 162 111)
3(286 191 196)
3(38 164 39)
3(88 24 23)
3(102 140 137)
3(287 289 288)
3(290 231 291)
3(149 14 292)
3(293 295 294)
3(240 297 296)
3(239 195 189)
3(298 97 299)
3(300 67 301)
3(302 170 303)
3(304 47 305)
3(306 258 307)
3(308 310 309)
3(311 312 273)
3(105 92 313)
3(314 56 115)
3(98 96 315)
3(316 76 81)
3(317 285 318)
3(5 319 6)
3(161 269 320)
3(321 322 307)
3(323 325 324)
3(326 328 327)
3(293 330 329)
3(331 332 133)
3(333 335 334)
3(11 208 228)
3(336 213 337)
3(119 339 338)
3(340 342 341)
3(343 345 344)
3(346 309 347)
3(174 275 348)
3(349 290 326)
3(344 204 202)
3(194 350 187)
3(173 352 351)
3(205 32 31)
3(237 119 143)
3(353 355 354)
3(106 356 298)
3(112 66 108)
3(15 102 16)
3(357 359 358)
3(179 360 302)
3(182 46 181)
3(35 177 36)
3(169 170 361)
3(327 362 261)
3(363 365 364)
3(338 210 221)
3(366 74 222)
3(344 146 128)
3(367 54 129)
3(27 141 28)
3(266 348 368)
3(321 370 369)
3(291 251 290)
3(8 7 225)
3(324 371 160)
3(372 347 310)
3(373 374 126)
3(272 243 375)
3(169 377 376)
3(271 272 333)
3(378 241 352)
3(331 256 379)
3(288 322 380)
3(248 151 330)
3(381 382 228)
3(383 323 384)
3(385 317 386)
3(362 387 331)
3(332 379 388)
3(389 301 390)
3(69 300 253)
3(183 391 305)
3(49 304 245)
3(33 205 296)
3(392 197 393)
3(295 395 394)
3(359 274 89)
3(299 106 298)
3(346 315 396)
3(385 397 285)
3(398 399 318)
3(400 250 401)
3(401 255 218)
3(77 316 238)
3(82 284 402)
3(85 403 90)
3(24 313 25)
3(57 314 100)
3(404 405 282)
3(406 377 196)
3(191 286 407)
3(408 395 293)
3(357 409 294)
3(410 411 117)
3(276 217 252)
3(412 414 413)
3(279 415 278)
3(244 375 243)
3(327 261 153)
3(287 416 340)
3(218 219 417)
3(159 418 224)
3(270 223 207)
3(235 271 334)
3(419 333 375)
3(194 420 171)
3(421 407 361)
3(265 400 422)
3(423 425 424)
3(311 427 426)
3(136 135 368)
3(285 283 318)
3(277 399 428)
3(96 281 315)
3(280 429 279)
3(363 378 430)
3(363 430 365)
3(109 120 157)
3(4 123 5)
3(431 154 363)
3(387 362 328)
3(432 372 388)
3(278 433 308)
3(394 434 294)
3(409 357 138)
3(353 436 435)
3(97 298 437)
3(348 275 368)
3(142 438 30)
3(51 226 52)
3(414 345 343)
3(71 206 72)
3(411 339 119)
3(1 111 110)
3(238 402 122)
3(164 163 42)
3(166 440 439)
3(95 100 404)
3(62 61 87)
3(101 442 441)
3(83 22 21)
3(443 235 334)
3(444 233 153)
3(345 414 279)
3(350 446 445)
3(339 411 276)
3(447 449 448)
3(450 447 355)
3(127 450 373)
3(197 392 451)
3(452 351 392)
3(236 186 445)
3(350 453 446)
3(152 329 151)
3(381 151 248)
3(118 454 448)
3(355 353 450)
3(175 246 139)
3(14 149 15)
3(455 239 296)
3(34 192 35)
3(47 182 305)
3(193 391 456)
3(67 112 301)
3(390 113 299)
3(408 291 231)
3(230 364 268)
3(257 258 306)
3(369 264 321)
3(219 458 457)
3(417 380 459)
3(334 406 443)
3(171 376 335)
3(103 101 232)
3(460 442 137)
3(461 356 94)
3(93 107 64)
3(439 360 165)
3(167 180 44)
3(178 176 168)
3(421 185 407)
3(75 366 81)
3(80 211 462)
3(105 313 91)
3(26 104 27)
3(55 367 115)
3(114 147 463)
3(325 214 418)
3(381 464 336)
3(125 372 465)
3(216 410 259)
3(172 351 452)
3(430 466 267)
3(120 109 467)
3(238 316 468)
3(460 403 442)
3(85 83 441)
3(95 404 461)
3(100 314 405)
3(337 255 401)
3(459 265 417)
3(319 158 469)
3(269 156 470)
3(471 369 328)
3(264 459 321)
3(133 332 132)
3(263 472 262)
3(385 386 384)
3(121 397 470)
3(109 110 467)
3(3 124 4)
3(346 396 309)
3(146 473 145)
3(341 399 340)
3(210 398 209)
3(268 427 229)
3(311 434 394)
3(457 417 219)
3(383 386 341)
3(464 208 207)
3(11 227 12)
3(363 364 431)
3(241 378 234)
3(186 236 245)
3(50 203 51)
3(454 118 253)
3(70 144 71)
3(30 474 31)
3(172 200 174)
3(408 424 425)
3(337 423 152)
3(333 419 335)
3(446 244 412)
3(293 409 330)
3(357 434 274)
3(286 377 169)
3(451 475 197)
3(170 420 303)
3(171 335 476)
3(279 412 415)
3(146 345 429)
3(276 410 217)
3(210 339 428)
3(388 257 432)
3(388 433 132)
3(159 371 418)
3(384 320 385)
3(328 369 387)
3(290 471 326)
3(395 229 394)
3(425 291 408)
3(190 184 177)
3(421 361 302)
3(471 249 264)
3(251 425 250)
3(421 360 439)
3(302 303 179)
3(401 423 337)
3(228 464 381)
3(201 452 455)
3(201 474 438)
3(253 118 130)
3(253 300 389)
3(245 236 198)
3(245 304 477)
3(159 225 469)
3(224 270 8)
3(284 82 462)
3(284 397 121)
3(89 403 460)
3(89 273 478)
3(282 116 463)
3(282 437 479)
3(262 444 261)
3(153 154 327)
3(219 323 383)
3(214 325 254)
3(450 260 259)
3(435 373 353)
3(207 212 464)
3(10 9 207)
3(81 82 468)
3(222 80 366)
3(115 116 405)
3(129 114 367)
3(105 91 478)
3(313 88 90)
3(340 277 287)
3(289 215 306)
3(278 308 280)
3(278 134 132)
3(306 307 289)
3(432 216 465)
3(175 227 382)
3(175 292 13)
3(340 399 277)
3(383 342 458)
3(262 271 444)
3(243 472 133)
3(358 359 460)
3(358 138 357)
3(97 437 96)
3(479 356 461)
3(80 221 211)
3(210 428 398)
3(311 426 312)
3(141 136 275)
3(114 128 147)
3(146 429 473)
3(268 266 427)
3(174 348 466)
3(303 456 179)
3(194 193 420)
3(190 192 240)
3(36 178 37)
3(107 65 64)
3(107 356 106)
3(180 45 44)
3(180 360 179)
3(140 149 139)
3(16 103 17)
3(202 343 344)
3(343 480 413)
3(119 338 143)
3(117 118 448)
3(331 133 263)
3(258 256 370)
3(429 280 396)
3(346 347 126)
3(290 349 230)
3(251 471 290)
3(98 435 97)
3(98 315 346)
3(206 73 72)
3(206 338 221)
3(226 53 52)
3(226 344 128)
3(141 104 136)
3(141 29 28)
3(269 397 385)
3(470 120 121)
3(174 466 173)
3(148 200 438)
3(296 205 455)
3(33 297 34)
3(67 300 68)
3(389 390 354)
3(47 304 48)
3(477 188 186)
3(394 427 311)
3(230 268 229)
3(87 99 95)
3(61 59 87)
3(84 232 441)
3(21 19 84)
3(1 110 2)
3(111 162 467)
3(164 168 166)
3(41 39 164)
3(401 218 422)
3(250 423 401)
3(155 378 363)
3(241 242 451)
3(330 409 247)
3(293 329 424)
3(134 278 415)
3(243 133 134)
3(387 256 331)
3(370 307 258)
3(194 171 476)
3(193 188 391)
3(149 140 102)
3(149 292 139)
3(181 456 183)
3(45 180 181)
3(108 106 113)
3(65 107 108)
3(192 190 177)
3(192 297 240)
3(452 201 172)
3(455 393 239)
3(186 245 477)
3(480 236 445)
3(417 265 422)
3(288 380 457)
3(191 195 196)
3(191 407 190)
3(299 113 106)
3(299 435 436)
3(138 246 247)
3(138 358 140)
3(410 216 217)
3(410 449 259)
3(412 244 415)
3(412 445 446)
3(289 322 288)
3(307 370 321)
3(335 376 334)
3(476 419 453)
3(448 449 117)
3(354 355 454)
3(441 403 85)
3(460 137 358)
3(282 479 404)
3(94 95 461)
3(439 185 421)
3(165 166 439)
3(432 306 216)
3(260 127 125)
3(372 125 347)
3(346 374 98)
3(122 402 121)
3(467 238 122)
3(351 172 173)
3(351 451 392)
3(372 310 388)
3(125 465 260)
3(443 475 242)
3(451 351 241)
3(299 436 390)
3(354 454 389)
3(435 374 373)
3(435 299 97)
3(382 246 175)
3(248 330 247)
3(381 248 382)
3(381 336 150)
3(364 349 431)
3(268 365 267)
3(129 226 128)
3(129 54 53)
3(222 206 221)
3(222 74 73)
3(104 141 27)
3(105 136 104)
3(169 361 286)
3(376 171 169)
3(157 124 109)
3(123 319 5)
3(326 154 431)
3(471 328 326)
3(154 326 327)
3(155 363 154)
3(249 400 265)
3(249 471 251)
3(289 287 252)
3(288 457 416)
3(325 371 324)
3(223 224 418)
3(271 233 444)
3(333 334 271)
3(445 186 187)
3(445 412 413)
3(406 196 475)
3(334 376 406)
3(244 446 375)
3(134 415 244)
3(232 101 441)
3(18 17 232)
3(168 440 166)
3(38 37 168)
3(86 93 63)
3(86 87 95)
3(163 167 43)
3(163 164 166)
3(6 225 7)
3(469 161 159)
3(362 327 328)
3(362 331 263)
3(257 388 379)
3(257 306 432)
3(212 207 223)
3(212 336 464)
3(337 213 255)
3(337 152 150)
3(378 352 430)
3(378 155 234)
3(361 170 302)
3(407 286 361)
3(397 284 285)
3(397 269 470)
3(478 312 135)
3(274 311 273)
3(318 209 398)
3(283 284 462)
3(315 145 473)
3(281 282 463)
3(476 350 194)
3(375 446 453)
3(399 341 318)
3(277 428 276)
3(434 357 294)
3(434 311 274)
3(386 383 384)
3(386 317 341)
3(416 342 340)
3(219 383 458)
3(429 396 473)
3(345 279 429)
3(428 399 398)
3(339 276 428)
3(338 206 143)
3(339 210 338)
3(344 226 204)
3(345 146 344)
3(275 136 368)
3(275 174 148)
3(197 475 196)
3(392 393 452)
3(462 209 283)
3(221 210 211)
3(463 145 281)
3(128 146 147)
3(426 135 312)
3(135 105 478)
3(120 470 157)
3(120 467 122)
3(261 444 153)
3(362 263 261)
3(459 264 265)
3(459 322 321)
3(325 323 220)
3(160 384 324)
3(88 313 24)
3(85 90 88)
3(316 81 468)
3(316 77 76)
3(314 115 405)
3(314 57 56)
3(400 401 422)
3(400 249 250)
3(332 388 132)
3(332 331 379)
3(227 175 12)
3(228 382 227)
3(329 423 424)
3(330 151 329)
3(404 479 461)
3(100 405 404)
3(403 89 90)
3(403 441 442)
3(83 84 441)
3(83 23 22)
3(162 79 78)
3(238 467 162)
3(99 59 58)
3(100 95 99)
3(323 324 384)
3(323 219 220)
3(407 184 190)
3(185 440 176)
3(353 373 450)
3(353 354 436)
3(360 421 302)
3(360 180 165)
3(396 315 473)
3(280 309 396)
3(427 394 229)
3(427 266 426)
3(287 288 416)
3(277 252 287)
3(356 479 298)
3(356 107 94)
3(137 442 101)
3(140 358 137)
3(409 293 294)
3(409 138 247)
3(359 89 460)
3(359 357 274)
3(437 282 96)
3(298 479 437)
3(420 170 171)
3(193 303 420)
3(215 289 252)
3(215 216 306)
3(189 190 240)
3(195 191 189)
3(272 375 333)
3(262 243 272)
3(239 240 296)
3(239 393 195)
3(193 456 303)
3(477 305 391)
3(352 466 430)
3(241 351 352)
3(377 406 376)
3(377 286 196)
3(454 253 389)
3(355 448 454)
3(233 155 153)
3(233 271 235)
3(91 89 478)
3(313 90 91)
3(116 282 405)
3(116 114 463)
3(82 402 468)
3(82 80 462)
3(266 368 426)
3(267 348 266)
3(161 469 158)
3(161 320 160)
3(369 370 387)
3(369 471 264)
3(144 70 130)
3(144 206 71)
3(142 30 29)
3(148 438 142)
3(203 50 198)
3(203 226 51)
3(188 477 391)
3(194 187 188)
3(270 224 223)
3(9 8 270)
3(110 111 467)
3(110 3 2)
3(414 412 279)
3(414 343 413)
3(411 410 276)
3(411 119 117)
3(246 138 139)
3(246 382 248)
3(124 157 123)
3(124 3 109)
3(156 161 158)
3(157 470 156)
3(425 251 291)
3(425 423 250)
3(300 301 389)
3(300 69 68)
3(304 305 477)
3(304 49 48)
3(205 33 32)
3(201 455 205)
3(167 44 43)
3(165 180 167)
3(93 64 63)
3(94 107 93)
3(103 16 102)
3(103 232 17)
3(178 36 177)
3(178 168 37)
3(308 309 280)
3(308 433 310)
3(390 436 354)
3(301 113 390)
3(347 125 126)
3(309 310 347)
3(393 455 452)
3(197 195 393)
3(402 238 468)
3(284 121 402)
3(256 257 379)
3(256 387 370)
3(365 268 364)
3(430 267 365)
3(433 278 132)
3(388 310 433)
3(231 229 395)
3(231 290 230)
3(209 462 211)
3(209 318 283)
3(145 463 147)
3(145 315 281)
3(312 478 273)
3(135 426 368)
3(242 475 451)
3(234 235 242)
3(254 255 213)
3(325 220 254)
3(214 254 213)
3(214 223 418)
3(466 348 267)
3(466 352 173)
3(218 417 422)
3(255 220 218)
3(336 337 150)
3(336 212 213)
3(342 383 341)
3(342 416 458)
3(292 175 139)
3(14 13 292)
3(317 318 341)
3(317 385 285)
3(419 476 335)
3(419 375 453)
3(456 181 179)
3(456 391 183)
3(443 242 235)
3(406 475 443)
3(457 458 416)
3(380 417 457)
3(320 384 160)
3(269 385 320)
3(367 55 54)
3(114 115 367)
3(366 75 74)
3(80 81 366)
3(92 25 313)
3(92 104 26)
3(182 47 46)
3(183 305 182)
3(297 33 296)
3(297 192 34)
3(112 67 66)
3(113 301 112)
3(349 364 230)
3(349 326 431)
3(350 445 187)
3(350 476 453)
3(472 243 262)
3(263 133 472)
3(465 216 260)
3(372 432 465)
3(202 236 343)
3(202 203 198)
3(237 143 130)
3(118 119 237)
3(295 394 294)
3(293 395 295)
3(480 445 413)
3(343 236 480)
3(127 373 126)
3(127 260 450)
3(374 346 126)
3(374 435 98)
3(447 448 355)
3(450 259 447)
3(322 289 307)
3(322 459 380)
3(225 159 224)
3(225 6 469)
3(208 11 10)
3(208 464 228)
3(371 159 160)
3(371 325 418)
3(440 185 439)
3(440 168 176)
3(184 176 177)
3(184 407 185)
3(319 469 6)
3(319 123 158)
3(408 293 424)
3(408 231 395)
3(449 410 117)
3(449 447 259)
3(474 30 438)
3(201 31 474)
3(199 50 49)
3(245 198 199)
3(131 70 69)
3(253 130 131)
3(200 148 174)
3(200 201 438)
3(150 151 381)
3(423 329 152)
3(561 562 563)
3(482 560 481)
3(522 520 521)
3(502 500 501)
3(542 540 541)
3(564 565 502)
3(504 566 564)
3(543 544 567)
3(567 568 543)
3(504 569 566)
3(499 500 565)
3(570 571 572)
3(573 506 507)
3(567 574 575)
3(575 576 567)
3(577 578 579)
3(538 580 581)
3(582 583 584)
3(585 586 573)
3(587 588 589)
3(580 538 539)
3(484 590 591)
3(560 482 592)
3(589 593 594)
3(595 596 597)
3(598 599 600)
3(537 596 536)
3(601 602 603)
3(485 604 605)
3(606 607 608)
3(595 609 610)
3(551 611 612)
3(613 614 615)
3(616 586 617)
3(618 583 582)
3(619 620 621)
3(622 510 623)
3(624 611 625)
3(626 627 628)
3(622 623 629)
3(496 583 630)
3(631 632 633)
3(634 635 636)
3(604 637 638)
3(637 604 639)
3(640 641 642)
3(643 558 559)
3(523 524 644)
3(523 645 522)
3(646 647 644)
3(644 648 646)
3(645 649 519)
3(650 651 652)
3(653 654 655)
3(656 493 494)
3(657 658 659)
3(660 661 662)
3(662 663 664)
3(665 657 666)
3(667 668 669)
3(670 671 672)
3(516 658 673)
3(674 669 675)
3(676 677 678)
3(531 679 680)
3(681 682 653)
3(683 684 685)
3(512 686 682)
3(687 624 625)
3(688 491 689)
3(690 691 692)
3(693 694 695)
3(696 697 698)
3(699 700 701)
3(561 702 703)
3(704 693 695)
3(557 562 556)
3(489 705 706)
3(707 685 684)
3(492 708 709)
3(710 711 712)
3(565 713 499)
3(527 662 526)
3(714 715 716)
3(547 589 546)
3(683 717 679)
3(599 611 718)
3(558 643 719)
3(720 721 670)
3(722 723 715)
3(724 725 615)
3(726 530 680)
3(727 728 729)
3(730 731 732)
3(698 733 696)
3(734 550 612)
3(735 736 701)
3(737 738 739)
3(740 697 741)
3(742 743 744)
3(745 746 730)
3(747 748 749)
3(637 642 750)
3(688 751 490)
3(752 753 743)
3(714 636 715)
3(570 754 755)
3(756 622 629)
3(703 687 554)
3(733 757 758)
3(610 707 534)
3(759 760 761)
3(762 763 577)
3(540 568 580)
3(764 765 766)
3(560 592 643)
3(767 677 672)
3(519 520 645)
3(569 504 505)
3(583 618 621)
3(768 769 770)
3(771 772 712)
3(630 773 495)
3(774 775 776)
3(721 777 778)
3(720 670 676)
3(779 780 578)
3(781 782 548)
3(783 784 651)
3(785 786 528)
3(787 788 739)
3(789 790 791)
3(792 754 793)
3(586 794 573)
3(795 596 537)
3(579 796 577)
3(797 562 557)
3(798 799 766)
3(486 487 800)
3(642 801 750)
3(802 788 803)
3(804 805 806)
3(807 808 809)
3(774 810 811)
3(812 614 813)
3(814 815 816)
3(492 709 689)
3(817 818 694)
3(600 819 820)
3(821 822 823)
3(824 825 826)
3(827 828 790)
3(655 829 756)
3(830 807 771)
3(825 683 685)
3(675 668 831)
3(654 832 833)
3(686 512 513)
3(718 624 600)
3(834 835 836)
3(587 779 837)
3(593 589 547)
3(496 497 583)
3(838 839 840)
3(660 783 841)
3(663 662 527)
3(516 517 658)
3(650 842 651)
3(808 742 843)
3(844 845 846)
3(819 702 691)
3(847 703 555)
3(825 609 627)
3(848 610 535)
3(508 509 622)
3(747 849 829)
3(802 850 851)
3(772 771 732)
3(489 706 488)
3(805 641 852)
3(853 791 828)
3(854 607 855)
3(753 856 724)
3(650 857 858)
3(752 814 753)
3(859 833 722)
3(812 860 737)
3(769 861 803)
3(729 811 632)
3(862 709 863)
3(864 865 804)
3(866 867 798)
3(843 812 868)
3(813 869 860)
3(870 871 782)
3(550 734 781)
3(664 786 872)
3(530 726 785)
3(514 777 686)
3(873 874 678)
3(776 875 876)
3(840 570 755)
3(780 779 587)
3(827 877 796)
3(866 766 878)
3(879 799 880)
3(881 882 731)
3(882 699 736)
3(558 719 797)
3(563 883 765)
3(566 571 884)
3(505 506 794)
3(538 581 795)
3(885 763 886)
3(887 677 858)
3(672 888 767)
3(889 774 876)
3(838 775 890)
3(891 598 892)
3(757 733 698)
3(893 894 895)
3(760 759 896)
3(725 724 856)
3(808 634 742)
3(768 821 897)
3(699 898 700)
3(640 705 899)
3(751 688 704)
3(716 815 752)
3(900 856 814)
3(675 652 901)
3(902 842 888)
3(746 903 881)
3(904 905 906)
3(792 907 908)
3(617 849 616)
3(766 799 764)
3(758 909 880)
3(577 796 762)
3(761 760 910)
3(844 911 859)
3(844 846 911)
3(590 638 601)
3(485 486 604)
3(912 844 635)
3(868 809 843)
3(913 869 853)
3(759 789 914)
3(875 775 915)
3(890 619 838)
3(834 916 917)
3(578 918 779)
3(829 849 756)
3(623 511 919)
3(532 533 707)
3(895 824 826)
3(552 553 687)
3(892 600 820)
3(482 591 592)
3(719 603 883)
3(645 523 644)
3(647 920 921)
3(576 885 581)
3(543 568 542)
3(582 922 923)
3(564 502 503)
3(924 815 716)
3(925 634 714)
3(826 760 895)
3(831 926 927)
3(820 757 892)
3(928 929 930)
3(931 836 928)
3(608 854 931)
3(678 932 873)
3(933 873 832)
3(717 926 667)
3(831 927 934)
3(633 632 810)
3(862 729 632)
3(599 929 935)
3(836 931 834)
3(656 620 727)
3(495 496 630)
3(936 777 720)
3(515 516 673)
3(528 786 663)
3(674 937 872)
3(548 782 593)
3(871 780 594)
3(889 712 772)
3(711 749 845)
3(738 787 739)
3(850 802 745)
3(700 938 939)
3(898 940 861)
3(815 924 887)
3(652 816 857)
3(584 713 582)
3(941 618 923)
3(942 575 837)
3(574 545 588)
3(920 646 841)
3(648 525 661)
3(659 649 657)
3(902 888 666)
3(556 562 847)
3(561 943 692)
3(586 572 794)
3(507 508 585)
3(536 596 848)
3(595 944 628)
3(806 899 695)
3(862 817 945)
3(606 946 853)
3(697 740 891)
3(653 933 832)
3(911 748 947)
3(601 948 590)
3(719 949 797)
3(941 923 884)
3(566 922 564)
3(576 942 885)
3(581 886 795)
3(818 882 736)
3(940 898 746)
3(800 950 639)
3(750 951 637)
3(952 809 850)
3(745 802 940)
3(614 613 813)
3(744 743 953)
3(866 865 867)
3(602 951 878)
3(590 948 591)
3(484 485 605)
3(827 790 877)
3(627 626 954)
3(822 821 880)
3(691 690 879)
3(749 710 908)
3(792 875 915)
3(938 700 898)
3(864 822 867)
3(945 688 689)
3(492 493 708)
3(844 912 845)
3(722 715 859)
3(667 726 717)
3(531 532 684)
3(935 734 599)
3(551 552 625)
3(511 512 955)
3(653 655 681)
3(889 906 905)
3(818 633 904)
3(814 816 900)
3(927 893 725)
3(774 811 890)
3(838 755 915)
3(767 650 858)
3(932 678 956)
3(651 784 901)
3(652 957 816)
3(760 896 893)
3(627 910 826)
3(757 698 891)
3(691 909 820)
3(869 913 738)
3(869 613 914)
3(640 899 852)
3(865 866 801)
3(809 868 850)
3(771 807 952)
3(876 875 710)
3(906 889 772)
3(671 658 665)
3(902 783 842)
3(952 745 730)
3(732 731 906)
3(902 920 841)
3(783 660 784)
3(882 818 904)
3(709 862 945)
3(682 936 933)
3(682 919 955)
3(734 611 599)
3(734 870 781)
3(726 679 717)
3(726 958 785)
3(640 950 706)
3(705 489 751)
3(765 943 563)
3(765 602 878)
3(570 941 884)
3(570 959 754)
3(763 944 597)
3(763 960 918)
3(743 742 925)
3(634 808 635)
3(700 864 804)
3(695 735 806)
3(931 740 741)
3(916 834 854)
3(688 945 693)
3(491 688 490)
3(562 949 563)
3(703 847 561)
3(596 886 597)
3(610 848 595)
3(586 959 572)
3(794 571 569)
3(821 768 758)
3(770 787 696)
3(759 761 789)
3(759 613 615)
3(787 770 788)
3(913 946 697)
3(656 863 708)
3(656 494 773)
3(821 758 880)
3(864 939 823)
3(743 925 752)
3(724 614 953)
3(839 941 840)
3(839 838 619)
3(578 577 918)
3(960 942 837)
3(561 692 702)
3(691 879 909)
3(792 793 907)
3(622 756 617)
3(595 628 609)
3(627 954 910)
3(749 908 747)
3(655 947 829)
3(784 660 937)
3(675 901 674)
3(671 721 673)
3(517 518 659)
3(588 545 546)
3(588 587 837)
3(661 525 526)
3(661 660 841)
3(621 620 630)
3(497 498 584)
3(683 825 824)
3(824 894 961)
3(600 624 819)
3(598 929 599)
3(812 744 614)
3(739 851 737)
3(910 877 761)
3(827 607 828)
3(771 711 830)
3(732 771 952)
3(579 578 916)
3(579 827 796)
3(687 553 554)
3(687 702 819)
3(707 533 534)
3(707 609 825)
3(622 617 585)
3(622 509 510)
3(750 866 878)
3(951 602 601)
3(655 654 947)
3(629 919 681)
3(777 936 686)
3(514 515 778)
3(548 549 781)
3(870 835 871)
3(528 529 785)
3(958 667 669)
3(875 792 908)
3(711 710 749)
3(568 576 580)
3(542 568 540)
3(565 922 713)
3(502 565 500)
3(482 483 591)
3(592 948 643)
3(645 647 649)
3(522 645 520)
3(882 903 699)
3(731 882 904)
3(636 844 859)
3(722 932 723)
3(811 728 890)
3(774 905 810)
3(615 896 759)
3(724 615 614)
3(868 812 737)
3(851 739 788)
3(675 957 652)
3(674 872 669)
3(630 583 621)
3(630 620 773)
3(662 664 937)
3(526 662 661)
3(589 594 587)
3(546 589 588)
3(673 658 671)
3(673 721 778)
3(933 653 682)
3(936 720 874)
3(667 958 726)
3(961 926 717)
3(898 903 746)
3(769 938 861)
3(672 677 676)
3(672 671 888)
3(780 587 594)
3(780 917 916)
3(619 728 727)
3(619 621 839)
3(891 698 697)
3(891 740 930)
3(893 896 725)
3(893 927 926)
3(770 769 803)
3(788 802 851)
3(816 815 857)
3(957 934 900)
3(929 598 930)
3(835 935 836)
3(922 566 884)
3(941 839 618)
3(763 885 960)
3(575 942 576)
3(920 902 666)
3(646 920 647)
3(913 697 787)
3(741 606 608)
3(853 828 606)
3(827 579 855)
3(603 602 883)
3(948 603 719)
3(832 654 653)
3(832 873 932)
3(853 869 791)
3(606 741 946)
3(924 723 956)
3(932 722 832)
3(780 871 917)
3(835 870 935)
3(916 854 855)
3(916 578 780)
3(863 656 727)
3(729 728 811)
3(862 863 729)
3(862 631 817)
3(845 912 830)
3(749 748 846)
3(610 609 707)
3(610 534 535)
3(703 702 687)
3(703 554 555)
3(585 508 622)
3(586 585 617)
3(650 767 842)
3(857 650 652)
3(638 590 605)
3(604 486 800)
3(807 912 635)
3(952 807 809)
3(635 808 807)
3(636 635 844)
3(730 746 881)
3(730 732 952)
3(770 733 768)
3(769 897 938)
3(806 805 852)
3(704 899 705)
3(752 925 714)
3(814 752 815)
3(926 668 667)
3(926 894 893)
3(887 956 677)
3(815 887 857)
3(725 856 927)
3(615 725 896)
3(713 922 582)
3(499 713 498)
3(649 647 921)
3(519 649 518)
3(567 544 574)
3(567 576 568)
3(644 524 648)
3(644 647 645)
3(487 488 706)
3(950 640 642)
3(843 809 808)
3(843 744 812)
3(738 860 869)
3(738 913 787)
3(693 704 688)
3(693 945 817)
3(818 736 694)
3(818 631 633)
3(859 911 833)
3(859 715 636)
3(842 783 651)
3(888 842 767)
3(878 766 765)
3(878 951 750)
3(959 616 793)
3(755 754 792)
3(799 879 690)
3(764 943 765)
3(796 954 626)
3(762 944 763)
3(957 675 831)
3(856 934 927)
3(880 799 822)
3(758 757 909)
3(915 775 838)
3(915 755 792)
3(867 865 864)
3(867 822 798)
3(897 821 823)
3(700 939 864)
3(910 954 877)
3(826 910 760)
3(909 879 880)
3(820 909 757)
3(819 624 687)
3(820 819 691)
3(825 685 707)
3(826 825 627)
3(756 849 617)
3(756 629 655)
3(678 677 956)
3(873 933 874)
3(943 764 690)
3(702 692 691)
3(944 762 626)
3(609 628 627)
3(907 793 616)
3(616 959 586)
3(601 638 951)
3(601 603 948)
3(742 634 925)
3(843 742 744)
3(940 746 745)
3(940 802 803)
3(806 701 804)
3(641 805 865)
3(569 505 794)
3(566 569 571)
3(797 949 562)
3(797 557 558)
3(795 886 596)
3(795 537 538)
3(881 903 882)
3(881 731 730)
3(813 613 869)
3(813 860 812)
3(708 493 656)
3(709 708 863)
3(810 905 904)
3(811 810 632)
3(885 942 960)
3(581 885 886)
3(884 571 570)
3(884 923 922)
3(564 922 565)
3(564 503 504)
3(643 559 560)
3(719 643 948)
3(580 539 540)
3(581 580 576)
3(804 865 805)
3(804 701 700)
3(888 671 665)
3(666 657 921)
3(834 931 854)
3(834 917 835)
3(841 783 902)
3(841 646 661)
3(877 954 796)
3(761 877 790)
3(908 710 875)
3(908 907 747)
3(768 897 769)
3(758 768 733)
3(837 779 960)
3(837 575 588)
3(618 582 923)
3(621 618 839)
3(890 775 774)
3(890 728 619)
3(840 941 570)
3(840 755 838)
3(918 577 763)
3(779 918 960)
3(901 652 651)
3(674 901 784)
3(696 733 770)
3(696 787 697)
3(670 721 671)
3(676 670 672)
3(753 814 856)
3(743 753 724)
3(720 777 721)
3(720 676 874)
3(674 784 937)
3(958 872 786)
3(833 911 947)
3(722 833 832)
3(858 857 887)
3(858 677 767)
3(935 870 734)
3(836 935 929)
3(714 634 636)
3(714 716 752)
3(572 959 570)
3(794 572 571)
3(597 886 763)
3(597 944 595)
3(563 949 883)
3(563 943 561)
3(747 907 849)
3(748 747 829)
3(642 639 950)
3(642 641 801)
3(850 868 851)
3(850 745 952)
3(625 611 551)
3(625 552 687)
3(623 510 511)
3(629 623 919)
3(684 679 531)
3(684 532 707)
3(669 872 958)
3(675 669 668)
3(751 704 705)
3(490 751 489)
3(591 948 592)
3(591 483 484)
3(895 760 893)
3(895 894 824)
3(892 757 891)
3(892 598 600)
3(727 620 619)
3(727 729 863)
3(605 604 638)
3(605 590 484)
3(637 639 642)
3(638 637 951)
3(906 772 732)
3(906 731 904)
3(781 870 782)
3(781 549 550)
3(785 958 786)
3(785 529 530)
3(686 513 514)
3(682 686 936)
3(648 524 525)
3(646 648 661)
3(574 544 545)
3(575 574 588)
3(584 583 497)
3(584 498 713)
3(659 658 517)
3(659 518 649)
3(789 761 790)
3(789 791 914)
3(871 835 917)
3(782 871 594)
3(828 607 606)
3(790 828 791)
3(874 933 936)
3(678 874 676)
3(883 949 719)
3(765 883 602)
3(737 860 738)
3(737 851 868)
3(846 845 749)
3(911 846 748)
3(914 613 759)
3(869 914 791)
3(712 876 710)
3(712 711 771)
3(690 692 943)
3(690 764 799)
3(626 628 944)
3(626 762 796)
3(793 754 959)
3(616 849 907)
3(723 932 956)
3(715 723 716)
3(735 694 736)
3(806 735 701)
3(695 694 735)
3(695 899 704)
3(947 748 829)
3(947 654 833)
3(699 903 898)
3(736 699 701)
3(817 631 818)
3(817 694 693)
3(823 822 864)
3(823 939 897)
3(773 620 656)
3(495 773 494)
3(798 822 799)
3(798 766 866)
3(900 816 957)
3(900 934 856)
3(937 660 662)
3(937 664 872)
3(924 716 723)
3(887 924 956)
3(938 897 939)
3(861 938 898)
3(801 641 865)
3(750 801 866)
3(848 535 536)
3(595 848 596)
3(847 555 556)
3(561 847 562)
3(573 794 506)
3(573 507 585)
3(663 527 528)
3(664 663 786)
3(778 777 514)
3(778 515 673)
3(593 547 548)
3(594 593 782)
3(830 711 845)
3(830 912 807)
3(831 668 926)
3(831 934 957)
3(953 743 724)
3(744 953 614)
3(946 741 697)
3(853 946 913)
3(683 824 717)
3(683 679 684)
3(718 611 624)
3(599 718 600)
3(776 775 875)
3(774 776 876)
3(961 894 926)
3(824 961 717)
3(608 607 854)
3(608 931 741)
3(855 607 827)
3(855 579 916)
3(928 836 929)
3(931 928 740)
3(803 788 770)
3(803 861 940)
3(706 705 640)
3(706 950 487)
3(689 491 492)
3(689 709 945)
3(852 641 640)
3(852 899 806)
3(921 920 666)
3(921 657 649)
3(665 658 657)
3(665 666 888)
3(800 487 950)
3(800 639 604)
3(889 905 774)
3(889 876 712)
3(930 598 891)
3(930 740 928)
3(955 919 511)
3(682 955 512)
3(680 530 531)
3(726 680 679)
3(612 550 551)
3(734 612 611)
3(681 655 629)
3(681 919 682)
3(631 862 632)
3(904 633 810)
4(61 542 541 60)
4(62 543 542 61)
4(62 63 544 543)
4(63 64 545 544)
4(64 65 546 545)
4(66 547 546 65)
4(66 67 548 547)
4(67 68 549 548)
4(68 69 550 549)
4(69 70 551 550)
4(70 71 552 551)
4(71 72 553 552)
4(72 73 554 553)
4(73 74 555 554)
4(74 75 556 555)
4(76 557 556 75)
4(76 77 558 557)
4(77 78 559 558)
4(78 79 560 559)
4(79 0 481 560)
4(21 502 501 20)
4(21 22 503 502)
4(22 23 504 503)
4(23 24 505 504)
4(24 25 506 505)
4(25 26 507 506)
4(26 27 508 507)
4(27 28 509 508)
4(28 29 510 509)
4(29 30 511 510)
4(30 31 512 511)
4(31 32 513 512)
4(32 33 514 513)
4(33 34 515 514)
4(34 35 516 515)
4(35 36 517 516)
4(36 37 518 517)
4(38 519 518 37)
4(38 39 520 519)
4(39 40 521 520)
4(41 522 521 40)
4(42 523 522 41)
4(42 43 524 523)
4(43 44 525 524)
4(44 45 526 525)
4(46 527 526 45)
4(46 47 528 527)
4(47 48 529 528)
4(48 49 530 529)
4(49 50 531 530)
4(50 51 532 531)
4(51 52 533 532)
4(52 53 534 533)
4(53 54 535 534)
4(54 55 536 535)
4(56 537 536 55)
4(56 57 538 537)
4(57 58 539 538)
4(58 59 540 539)
4(59 60 541 540)
)

// ************************************************************************* //
