FoamFile
{
    version     2.0;
    format      ascii;
    location    "constant/polyMesh";
    class       labelList;
    object      neighbour;
}

// * * * * * * * * * * * * * * * * * * * * * * * * * * * * * * * * * * * * * //

1280
(
 406  721  821   22  483  479  477  265  479  666
   9  321  667    8  586  263  587  118  649   81
 479  664  716  717  822  823   14  586  761  529
 587  135  426  456   20  212  671   34  298  762
 133  559  823  441  500  501  670  334  739  747
 115  258  161  500  829  408  719  819  449  743
 841  134  310  465  536  641  243  335  746  533
 770  846  409  432  554  728  874  875  330  415
 491  235  559  639  119  688  444  515  744   39
 463  730   68  728  840  337  637  786  107  731
 162  283  496  278  599  878  399  567  714   44
 746  749  748  865  591  725  858   87  668  260
 588  260  483   50  531  589  588  759  117  482
 585  167  561  696  353  466  538  419  658  304
 764  862  443  499  810  165  498  825  675  862
 863  473  576  735  511  700  701  166  285  502
 437  495  735  510  632  773  732  872  873  353
 504  877   78  154  839  157  757  871  626  729
 344  405  856  339  635  784   75  794  801   94
 516  699  225  673  799  407  428  556  596  795
 136  306  178  391  854  628  733  146  345  659
 475  782  783  478  583  165  499  105  715  791
 161  501  388  838  839  386  840  841  208  669
 125  700  704  347  487  791  222  491  581  197
 872  873  514  549  745  379  569  655  219  698
 195  874  875  792  793  799  292  451  776  315
 402  836  331  398  643  378  568  644  434  553
 723  139  327  748  227  405  737  184  422  703
 601  714  201  395  607  431  631  458  556  557
 219  615  685  460  554  555  221  239  414  238
 611  694  476  477  670  236  604  609  481  668
 215  510  711  483  648  496  689  520  570  684
 177  290  783  283  497  805  690  842  843  503
 704  826  701  705  202  251  547  288  470  752
 362  381  602  286  472  754  292  416  493  766
 767  771  430  607  788  308  822  652  653  238
 457  650  651  236  806  807  563  864  725  817
 521  645  852  572  646  672  565  566  592  358
 489  661  330  450  657  356  522  575  856  857
 598  800  801  257  448  627  338  620  802  255
 446  629  336  453  771  252  435  631  373  454
 831  446  628  612  735  832  538  709  797  756
 448  840  841  281  525  677  202  441  686  828
 762  424  425  693  381  443  678  824  764  560
 602  223  592  643  241  346  778  459  627  635
 407  557  820  461  629  637  409  555  818  463
 558  252  722  723  293  521  726  455  750  590
 572  647  858  534  540  771  546  846  848  222
 702  703  360  561  710  575  702  347  600  709
 492  657  776  509  520  853  279  549  661  383
 550  659  400  618  672  332  619  807  245  492
 593  594  656  657  471  752  769  387  753  707
 811  825  389  755  468  756  826  274  633  773
 374  842  843  692  693  512  336  457  680  464
 604  807  608  614  624  485  654  655  324  484
 799  319  651  392  720  775  526  649  664  648
 822  323  653  528  663  718  578  710  711  511
 603  843  866  867  249  616  690  742  743  868
 366  577  740  741  364  490  580  399  642  412
 620  684  342  798  370  573  854  596  736  266
 575  715  356  702  809  437  494  696  305  377
 603  508  568  654  354  660  751  430  474  683
 630  789  785  420  615  624  787  452  623  241
 486  600  779  318  562  640  563  346  564  567
 372  592  368  540  837  414  767  780  341  616
 842  425  691  403  513  677  426  695  630  730
 731  870  460  733  268  741  458  729  270  743
 480  738  536  537  774  589  531  584  860  322
 663  671  477  582  665  688  667  296  812  574
 642  714  623  740  277  519  832  625  742  524
 850  869  281  850  851  676  846  847  361  539
 316  539  633  348  507  576  613  833  661  879
 550  878  350  449  713  676  548  744  804  468
 505  704  827  824  825  495  706  811  828  829
 512  544  769  375  867  475  778  830  595  329
 727  342  621  814  325  815  853  579  813  363
 522  561  582  763  320  527  688  427  529  687
 440  760  761  380  531  679  442  758  759  765
 861  530  863  820  821  428  721  784  410  717
 558  823  818  819  432  719  786  401  795  859
 383  551  597  534  541  837  516  517  504  538
 708  779  796  334  641  650  774  394  665  526
 666  529  662  652  663  382  598  508  644  724
 864  865  605  749  372  565  727  644  645  656
 834  835  371  618  393  465  605  738  747  681
 433  610  420  614  429  608  434  475  682  474
 617  815  618  619  802  404  857  658  552  601
 388  506  732  733  386  712  728  729  870  871
 876  375  866  382  599  879  808  518  519  580
 488  690  616  617  693  560  711  632  790  696
 697  494  808  518  740  433  623  629  516  742
 429  625  627  594  595  656  780  781  858  859
 816  817  726  455  565  682  782  750  502  674
 862  602  678  569  727  750  751  530  678  436
 485  857  504  757  772  870  871  877  875  712
 752  873  506  754  591  854  855  736  737  609
 721  604  775  664  692  716  788  611  718  719
 528  694  695  422  642  566  621  673  793  794
 847  851  546  676  596  597  650  720  821  652
 718  819  639  716  648  649  717  420  685  416
 698  699  766  490  780  852  532  836  837  548
 658  659  804  805  621  802  803  574  491  834
 835  527  692  515  694  662  686  635  624  638
 462  630  637  622  683  466  796  706  810  697
 502  503  700  764  765  501  687  499  679  496
 497  762  763  838  741  844  845  626  524  593
 835  493  777  622  681  770  848  783  830  569
 547  849  535  556  626  554  628  558  559  605
 817  640  797  731  876  877  757  826  827  753
 545  768  755  506  734  682  587  671  582  666
 739  669  738  584  589  654  798  751  567  601
 543  790  549  691  660  866  581  777  521  612
 734  804  810  811  512  827  705  772  844  845
 798  571  815  701  674  544  547  691  744  689
 868  869  581  577  852  579  808  809  833  868
 545  713  665  689  662  860  595  699  541  847
 770  848  849  775  641  669  543  781  836  790
 812  813  709  768  712  849  745  745  800  878
 830  831  778  779  603  746  747  865  566  831
 655  685  698  684  814  859  736  795  715  832
 844  632  813  710  613  763  861  765  760  758
 855  724  643  776  801  792  800  708  638  639
 788  617  785  634  680  787  636  833  809  806
 625  806  803  680  876  772  784  785  786  787
 789  749  853  673  793  672  816  879  863  860
 861  768  759  766  722  695  761  706  834  773
 734  754  797  850  774  789  796  748  816  777
 839  781  829  867  812  794  814  845  869  864
)

// ************************************************************************* //
