FoamFile
{
    version     2.0;
    format      ascii;
    location    "constant/polyMesh";
    class       vectorField;
    object      points;
}

// * * * * * * * * * * * * * * * * * * * * * * * * * * * * * * * * * * * * * //

962
(
(0 0 0)
(0.05 0 0)
(0.1 0 0)
(0.15 0 0)
(0.2 0 0)
(0.25 0 0)
(0.3 0 0)
(0.35 0 0)
(0.4 0 0)
(0.45 0 0)
(0.5 0 0)
(0.55 0 0)
(0.6 0 0)
(0.65 0 0)
(0.7 0 0)
(0.75 0 0)
(0.8 0 0)
(0.85 0 0)
(0.9 0 0)
(0.95 0 0)
(1 0 0)
(1 0.05 0)
(1 0.1 0)
(1 0.15 0)
(1 0.2 0)
(1 0.25 0)
(1 0.3 0)
(1 0.35 0)
(1 0.4 0)
(1 0.45 0)
(1 0.5 0)
(1 0.55 0)
(1 0.6 0)
(1 0.65 0)
(1 0.7 0)
(1 0.75 0)
(1 0.8 0)
(1 0.85 0)
(1 0.9 0)
(1 0.95 0)
(1 1 0)
(0.95 1 0)
(0.9 1 0)
(0.85 1 0)
(0.8 1 0)
(0.75 1 0)
(0.7 1 0)
(0.65 1 0)
(0.6 1 0)
(0.55 1 0)
(0.5 1 0)
(0.45 1 0)
(0.4 1 0)
(0.35 1 0)
(0.3 1 0)
(0.25 1 0)
(0.2 1 0)
(0.15 1 0)
(0.1 1 0)
(0.05 1 0)
(0 1 0)
(0 0.95 0)
(0 0.9 0)
(0 0.85 0)
(0 0.8 0)
(0 0.75 0)
(0 0.7 0)
(0 0.65 0)
(0 0.6 0)
(0 0.55 0)
(0 0.5 0)
(0 0.45 0)
(0 0.4 0)
(0 0.35 0)
(0 0.3 0)
(0 0.25 0)
(0 0.2 0)
(0 0.15 0)
(0 0.1 0)
(0 0.05 0)
(0.0749195689334 0.298124819097 0)
(0.0511077060653 0.242575763979 0)
(0.0999561234278 0.24193658639 0)
(0.959226172436 0.100377747564 0)
(0.940673889298 0.0503704995568 0)
(0.93814687614 0.145369417917 0)
(0.0423439418492 0.883483816592 0)
(0.0503965716931 0.94060133582 0)
(0.956715281532 0.186676699486 0)
(0.850600896153 0.218848893735 0)
(0.914334006327 0.202642434713 0)
(0.901445599979 0.245038317191 0)
(0.966195625138 0.282274106636 0)
(0.0349619734219 0.828096739448 0)
(0.0747079031011 0.842329726085 0)
(0.0942375686028 0.906506019077 0)
(0.23357984542 0.792670328747 0)
(0.180464539224 0.747384298485 0)
(0.231123746628 0.738413421954 0)
(0.100400297358 0.959095034328 0)
(0.145369417917 0.93814687614 0)
(0.842318622443 0.0747117016089 0)
(0.789496823624 0.0540934809751 0)
(0.828120375823 0.0349593766658 0)
(0.95489231978 0.338379891888 0)
(0.925135786948 0.298220986922 0)
(0.0982792387555 0.757922665626 0)
(0.0540934809751 0.789496823624 0)
(0.0473861839436 0.733163832975 0)
(0.139989552351 0.0582863519607 0)
(0.0967022325643 0.0420956062806 0)
(0.053179147968 0.0532575186788 0)
(0.0348139792361 0.681063094301 0)
(0.0746216772839 0.693486685736 0)
(0.298247689127 0.925133962555 0)
(0.242726797161 0.948799108976 0)
(0.245038317191 0.901445599979 0)
(0.17845686941 0.496968681086 0)
(0.113130563277 0.524024342794 0)
(0.131365672561 0.468576112988 0)
(0.150426525193 0.105682799963 0)
(0.160027163732 0.160027163732 0)
(0.113294058663 0.136932337796 0)
(0.225198365319 0.0440182901375 0)
(0.180765444063 0.0402324375259 0)
(0.288637365271 0.624874712328 0)
(0.271248164689 0.671089700605 0)
(0.251609463476 0.633414881728 0)
(0.362168489554 0.906566683218 0)
(0.338330050524 0.954798420583 0)
(0.0603732609996 0.500481890749 0)
(0.0319155674232 0.527348892582 0)
(0.435256618446 0.650118569018 0)
(0.490356852993 0.622392045381 0)
(0.483942676517 0.678894253016 0)
(0.87220466906 0.325248343656 0)
(0.906566683218 0.362168489554 0)
(0.808053277934 0.106126847036 0)
(0.717841691741 0.129975401109 0)
(0.692441368601 0.0746349505025 0)
(0.757595335167 0.0977953876389 0)
(0.950677980846 0.398428099747 0)
(0.961421041216 0.462654157633 0)
(0.0780079111181 0.448314042022 0)
(0.0388987099171 0.463181015225 0)
(0.308320086203 0.836818336747 0)
(0.370341703542 0.852863472131 0)
(0.324922086142 0.874330717601 0)
(0.922929093836 0.448708175468 0)
(0.732834198454 0.0473613357379 0)
(0.535802181223 0.169293815674 0)
(0.592990138921 0.167721362024 0)
(0.561729922199 0.194858119851 0)
(0.629455582104 0.543825835858 0)
(0.647483168986 0.489921856733 0)
(0.679981353542 0.523655996707 0)
(0.23745987448 0.100079269248 0)
(0.193536221936 0.0833913726411 0)
(0.270406401302 0.0665785302076 0)
(0.339939659306 0.0883410622281 0)
(0.318853656289 0.14278809854 0)
(0.288462517766 0.107106529606 0)
(0.0405849215029 0.100440513405 0)
(0.88405193595 0.95765280188 0)
(0.946696580932 0.946756310564 0)
(0.842331804499 0.925238649377 0)
(0.905246749537 0.91025005085 0)
(0.828120475881 0.965039167235 0)
(0.954019700746 0.881078757245 0)
(0.753128118019 0.761165878822 0)
(0.74518068458 0.814116678234 0)
(0.699610149452 0.774945334028 0)
(0.880223081453 0.524836382914 0)
(0.828499825972 0.495546484153 0)
(0.871779764951 0.468216373527 0)
(0.639169789161 0.05233017334 0)
(0.925958329127 0.836342848617 0)
(0.946664562341 0.788874551329 0)
(0.964955803535 0.827521435691 0)
(0.759210689438 0.899872059388 0)
(0.789496823624 0.945906519025 0)
(0.732239851285 0.948937143886 0)
(0.681063094301 0.965186020764 0)
(0.688241101244 0.929682153776 0)
(0.905573867615 0.796587643731 0)
(0.882462534045 0.827338676971 0)
(0.575263674992 0.878380036384 0)
(0.592868142712 0.83309604374 0)
(0.625437102318 0.863755076798 0)
(0.884339584887 0.702239733483 0)
(0.900928184769 0.753374599828 0)
(0.848853163084 0.728194531287 0)
(0.952625571323 0.732825198778 0)
(0.671955451112 0.857906903307 0)
(0.641965761661 0.816903030654 0)
(0.855701051596 0.668881495034 0)
(0.800720057906 0.692865590848 0)
(0.82078282819 0.640065434247 0)
(0.503982382036 0.941751097545 0)
(0.527348892582 0.968084432577 0)
(0.907373976135 0.49721247509 0)
(0.937769955484 0.552939828838 0)
(0.473706907516 0.910400298103 0)
(0.463177751008 0.958532411498 0)
(0.441737045212 0.925690958244 0)
(0.961792479629 0.599663769171 0)
(0.0494320299252 0.398541850258 0)
(0.478428201096 0.0533182323124 0)
(0.518064305261 0.038692919986 0)
(0.16316990516 0.308319899592 0)
(0.147465768464 0.369741321834 0)
(0.125668532086 0.324918128349 0)
(0.466261461178 0.111865129951 0)
(0.466480109861 0.162732672523 0)
(0.429172821194 0.13339595234 0)
(0.310964215137 0.465684569609 0)
(0.289772959836 0.527349389943 0)
(0.266055111216 0.469692461465 0)
(0.436532502752 0.260691521674 0)
(0.389776536407 0.27610849309 0)
(0.408549652016 0.221683925874 0)
(0.0934333167819 0.362168489554 0)
(0.0451730884431 0.338385715786 0)
(0.429476522082 0.0841721681507 0)
(0.385350567409 0.0552740338913 0)
(0.349869251353 0.035751780188 0)
(0.397845113867 0.950316210271 0)
(0.58918965653 0.0444261073806 0)
(0.550369097608 0.0633806370405 0)
(0.708579808176 0.333006233109 0)
(0.674282820589 0.3696369108 0)
(0.652816487813 0.330940740631 0)
(0.883485877223 0.0423433249728 0)
(0.661972256803 0.57614546851 0)
(0.718118251979 0.555447468865 0)
(0.698769048646 0.604525137443 0)
(0.522903348701 0.886480742956 0)
(0.0966235306071 0.489784427689 0)
(0.0654910629479 0.147349974971 0)
(0.901842388842 0.654018091374 0)
(0.926341232145 0.691260246337 0)
(0.769608017225 0.550892435205 0)
(0.743137474769 0.591911588398 0)
(0.538993312285 0.664644037964 0)
(0.519510594045 0.717470938059 0)
(0.556613576108 0.940032916193 0)
(0.65403339441 0.0986542062357 0)
(0.668881495034 0.144298948404 0)
(0.622615485617 0.131122837372 0)
(0.519296239238 0.365634595651 0)
(0.536410775669 0.307760137318 0)
(0.566781538915 0.355337852066 0)
(0.291422396722 0.42421402014 0)
(0.060118074252 0.556611898291 0)
(0.434056221648 0.185268599765 0)
(0.461705096916 0.221374538602 0)
(0.453083166664 0.526412120523 0)
(0.398628700451 0.547891668259 0)
(0.40383595805 0.502267548048 0)
(0.230308974899 0.551336616093 0)
(0.269612487785 0.581242161748 0)
(0.580962085362 0.554950615648 0)
(0.573021487673 0.619523289152 0)
(0.537176112627 0.57813492192 0)
(0.492558816723 0.408687008688 0)
(0.472553055531 0.354866876368 0)
(0.804316485408 0.381063012079 0)
(0.780196359361 0.417348000349 0)
(0.739930469114 0.380766844202 0)
(0.252260346588 0.142841714512 0)
(0.425 0.0384924927296 0)
(0.639500460176 0.635213239956 0)
(0.584753791445 0.663820498855 0)
(0.823284065246 0.269155429503 0)
(0.792670328747 0.23357984542 0)
(0.884702310065 0.413777824697 0)
(0.226188991888 0.429454505542 0)
(0.260069530886 0.380766844202 0)
(0.423140552848 0.705900670755 0)
(0.429436192689 0.773766184956 0)
(0.380766844202 0.739930469114 0)
(0.26958717071 0.822990505909 0)
(0.218848893735 0.850600896153 0)
(0.177077893601 0.269647659007 0)
(0.152422661921 0.219765513265 0)
(0.207329671253 0.23357984542 0)
(0.806521549022 0.752568934305 0)
(0.309729188009 0.380733789224 0)
(0.361573604475 0.386091065957 0)
(0.347465590927 0.433416762014 0)
(0.614413199397 0.382617708412 0)
(0.611160745358 0.328639435133 0)
(0.67833502424 0.034450020922 0)
(0.64671550843 0.236885973824 0)
(0.704365507723 0.225756354534 0)
(0.68097052022 0.256674137555 0)
(0.948915407431 0.64493229801 0)
(0.965186020764 0.681063094301 0)
(0.145957524978 0.783914535968 0)
(0.129975401109 0.717841691741 0)
(0.0386967785557 0.599668529145 0)
(0.0510206272423 0.644949377112 0)
(0.784613371264 0.8516008922 0)
(0.724819437521 0.860155443043 0)
(0.599671990931 0.961296469088 0)
(0.644917759062 0.948929202505 0)
(0.349273354194 0.498991492369 0)
(0.394683426923 0.458005260761 0)
(0.381979166927 0.698043398394 0)
(0.337975196191 0.712087646647 0)
(0.356405117042 0.663742527689 0)
(0.780344392087 0.290166312667 0)
(0.835503368474 0.3059931668 0)
(0.948800032786 0.242750447253 0)
(0.186676699486 0.956715281532 0)
(0.290044815291 0.779466948065 0)
(0.0432847184677 0.186676699486 0)
(0.247512300854 0.25216223517 0)
(0.219308224592 0.290681475002 0)
(0.275 0.0287540279251 0)
(0.285674604909 0.163579494081 0)
(0.44200976131 0.436175413395 0)
(0.401981200503 0.41505051521 0)
(0.362452336393 0.218282099499 0)
(0.352803182873 0.169963611037 0)
(0.396152242593 0.165843346081 0)
(0.604082758732 0.446812545055 0)
(0.592501734506 0.503899789992 0)
(0.547840289694 0.469911193555 0)
(0.600020791769 0.217482214091 0)
(0.640504648991 0.184884375068 0)
(0.490047942007 0.555417636804 0)
(0.447975708644 0.605492693541 0)
(0.624181947756 0.684605391371 0)
(0.685083340206 0.663546986371 0)
(0.663368852122 0.71739226415 0)
(0.503936120207 0.146703598129 0)
(0.509869259528 0.205008516694 0)
(0.115465410132 0.413737463273 0)
(0.166560295893 0.421584831995 0)
(0.287670771123 0.334407466303 0)
(0.278931961595 0.283207249009 0)
(0.314379919746 0.304045791884 0)
(0.469508439158 0.865158465976 0)
(0.416840066578 0.887547498988 0)
(0.421584831995 0.833439704107 0)
(0.283755204034 0.719443776772 0)
(0.313068019963 0.671619660199 0)
(0.833439704107 0.421584831995 0)
(0.649145406081 0.402819848345 0)
(0.59971130447 0.794023725717 0)
(0.820386813777 0.543323579836 0)
(0.786755026423 0.505203063161 0)
(0.179895003076 0.636793401766 0)
(0.128664551049 0.624667559757 0)
(0.164043106661 0.592499042982 0)
(0.106066786227 0.807920916975 0)
(0.744470457986 0.183634006303 0)
(0.783878077867 0.146070881904 0)
(0.804818044364 0.189405457529 0)
(0.808304729372 0.892786067323 0)
(0.802018769309 0.802989270269 0)
(0.541582526404 0.52368493393 0)
(0.699929482741 0.46829490759 0)
(0.69809920513 0.415174456326 0)
(0.739925203786 0.428511095757 0)
(0.0338170421446 0.282150454206 0)
(0.282150641278 0.966181855981 0)
(0.853609986829 0.370748858 0)
(0.502561049102 0.454843648201 0)
(0.450509421454 0.484104334626 0)
(0.35718679156 0.130924069275 0)
(0.335594085454 0.610866204649 0)
(0.223595855835 0.662707041778 0)
(0.242735937599 0.700045527288 0)
(0.572405461039 0.714039558079 0)
(0.719117647059 0.719117647059 0)
(0.763723270589 0.717817347456 0)
(0.731764862959 0.506603307763 0)
(0.439805044716 0.566243412489 0)
(0.404925349836 0.374114090639 0)
(0.561797821491 0.12727373542 0)
(0.598936232525 0.0890976508876 0)
(0.334709765798 0.258434117623 0)
(0.318437182451 0.201131299342 0)
(0.257543795399 0.199072067166 0)
(0.286811796297 0.234956707006 0)
(0.5 0.5 0)
(0.389554678804 0.609556419449 0)
(0.0850874759209 0.607337095926 0)
(0.0973052501615 0.654663417838 0)
(0.654018091374 0.901842388842 0)
(0.832256702907 0.590501019263 0)
(0.866006540885 0.621822097011 0)
(0.719117647059 0.280882352941 0)
(0.66685027539 0.290531591041 0)
(0.339359043913 0.763748151162 0)
(0.210030361117 0.183721238961 0)
(0.188665971331 0.339119331287 0)
(0.235239135774 0.338601784941 0)
(0.493614816598 0.316102488991 0)
(0.499165081869 0.262298858511 0)
(0.118571499406 0.184309349049 0)
(0.890114987716 0.158685320292 0)
(0.158683961875 0.890110869376 0)
(0.202642434713 0.914334006327 0)
(0.734220561705 0.674007288472 0)
(0.851081682758 0.785618048248 0)
(0.625247445274 0.290893530251 0)
(0.691726936714 0.181455599628 0)
(0.228248212414 0.498860080824 0)
(0.189683359145 0.458392805765 0)
(0.499261914566 0.773203885596 0)
(0.494512940585 0.820215333268 0)
(0.458318921682 0.810239568741 0)
(0.469692461465 0.733944888784 0)
(0.337677531067 0.344359961955 0)
(0.421193538819 0.324927748327 0)
(0.392682891015 0.108971597273 0)
(0.623060829966 0.724661152809 0)
(0.699274863341 0.821720056643 0)
(0.837948504652 0.839878120705 0)
(0.460554428908 0.296442515871 0)
(0.553009549449 0.239797708702 0)
(0.598113563849 0.26336524236 0)
(0.579509854258 0.301815029165 0)
(0.814366472632 0.33828410202 0)
(0.763811710556 0.339311517202 0)
(0.200836314462 0.384451963923 0)
(0.384487446148 0.799106428306 0)
(0.758698120654 0.465290703087 0)
(0.655859210756 0.438553607123 0)
(0.352063473997 0.560044733306 0)
(0.394672416734 0.656795982055 0)
(0.746626056392 0.242819998119 0)
(0.185037606584 0.694424360729 0)
(0.144298948404 0.668881495034 0)
(0.189405457529 0.804818044364 0)
(0.944473766017 0.499293257865 0)
(0.866400508069 0.880924727807 0)
(0.905146346994 0.870858263156 0)
(0.906572341687 0.0942170173273 0)
(0.862718226163 0.117988154537 0)
(0.728219166671 0.631685329683 0)
(0.619499772645 0.592410919285 0)
(0.543267661608 0.819687882064 0)
(0.553001460945 0.766899301607 0)
(0.196056459669 0.572320543438 0)
(0.161893465274 0.542688996341 0)
(0.198920011553 0.528520163078 0)
(0.219735592169 0.607602668169 0)
(0.787734684973 0.595430413724 0)
(0.878380036384 0.575263674992 0)
(0.59643717664 0.755287560254 0)
(0.12336652552 0.576161443636 0)
(0.914912524079 0.607337095926 0)
(0.713045621234 0.900435015266 0)
(0.379554634252 0.339441805054 0)
(0.352970147582 0.301608158129 0)
(0.442930964056 0.389307742441 0)
(0.837901865263 0.158736064914 0)
(0.117952113625 0.862646953106 0)
(0.130637938542 0.275602486166 0)
(0.275602486166 0.869362061458 0)
(0.512683143652 0.100387443547 0)
(0.312281265387 0.572728171038 0)
(0.805263369286 0.458112432763 0)
(0.0901992327278 0.0901992327278 0)
(0.0812258303845 0.201821045191 0)
(0.311912696453 0.0486355422336 0)
(0.204259778158 0.133041405499 0)
(0.555968830569 0.41375632948 0)
(0.530983415354 0.618477139934 0)
(0.339215450473 0.811236409392 0)
(0.968084432577 0.527348892582 0)
(0.768404879156 0.642329705168 0)
(0.641394003935 0.767538115473 0)
(0.607337095926 0.914912524079 0)
(0.869362061458 0.275602486166 0)
(0.158713530391 0.837901246144 0)
(0.505352631333 0.852389285485 0)
(0 0 0.1)
(0.05 0 0.1)
(0.1 0 0.1)
(0.15 0 0.1)
(0.2 0 0.1)
(0.25 0 0.1)
(0.3 0 0.1)
(0.35 0 0.1)
(0.4 0 0.1)
(0.45 0 0.1)
(0.5 0 0.1)
(0.55 0 0.1)
(0.6 0 0.1)
(0.65 0 0.1)
(0.7 0 0.1)
(0.75 0 0.1)
(0.8 0 0.1)
(0.85 0 0.1)
(0.9 0 0.1)
(0.95 0 0.1)
(1 0 0.1)
(1 0.05 0.1)
(1 0.1 0.1)
(1 0.15 0.1)
(1 0.2 0.1)
(1 0.25 0.1)
(1 0.3 0.1)
(1 0.35 0.1)
(1 0.4 0.1)
(1 0.45 0.1)
(1 0.5 0.1)
(1 0.55 0.1)
(1 0.6 0.1)
(1 0.65 0.1)
(1 0.7 0.1)
(1 0.75 0.1)
(1 0.8 0.1)
(1 0.85 0.1)
(1 0.9 0.1)
(1 0.95 0.1)
(1 1 0.1)
(0.95 1 0.1)
(0.9 1 0.1)
(0.85 1 0.1)
(0.8 1 0.1)
(0.75 1 0.1)
(0.7 1 0.1)
(0.65 1 0.1)
(0.6 1 0.1)
(0.55 1 0.1)
(0.5 1 0.1)
(0.45 1 0.1)
(0.4 1 0.1)
(0.35 1 0.1)
(0.3 1 0.1)
(0.25 1 0.1)
(0.2 1 0.1)
(0.15 1 0.1)
(0.1 1 0.1)
(0.05 1 0.1)
(0 1 0.1)
(0 0.95 0.1)
(0 0.9 0.1)
(0 0.85 0.1)
(0 0.8 0.1)
(0 0.75 0.1)
(0 0.7 0.1)
(0 0.65 0.1)
(0 0.6 0.1)
(0 0.55 0.1)
(0 0.5 0.1)
(0 0.45 0.1)
(0 0.4 0.1)
(0 0.35 0.1)
(0 0.3 0.1)
(0 0.25 0.1)
(0 0.2 0.1)
(0 0.15 0.1)
(0 0.1 0.1)
(0 0.05 0.1)
(0.0749195689334 0.298124819097 0.1)
(0.0511077060653 0.242575763979 0.1)
(0.0999561234278 0.24193658639 0.1)
(0.959226172436 0.100377747564 0.1)
(0.940673889298 0.0503704995568 0.1)
(0.93814687614 0.145369417917 0.1)
(0.0423439418492 0.883483816592 0.1)
(0.0503965716931 0.94060133582 0.1)
(0.956715281532 0.186676699486 0.1)
(0.850600896153 0.218848893735 0.1)
(0.914334006327 0.202642434713 0.1)
(0.901445599979 0.245038317191 0.1)
(0.966195625138 0.282274106636 0.1)
(0.0349619734219 0.828096739448 0.1)
(0.0747079031011 0.842329726085 0.1)
(0.0942375686028 0.906506019077 0.1)
(0.23357984542 0.792670328747 0.1)
(0.180464539224 0.747384298485 0.1)
(0.231123746628 0.738413421954 0.1)
(0.100400297358 0.959095034328 0.1)
(0.145369417917 0.93814687614 0.1)
(0.842318622443 0.0747117016089 0.1)
(0.789496823624 0.0540934809751 0.1)
(0.828120375823 0.0349593766658 0.1)
(0.95489231978 0.338379891888 0.1)
(0.925135786948 0.298220986922 0.1)
(0.0982792387555 0.757922665626 0.1)
(0.0540934809751 0.789496823624 0.1)
(0.0473861839436 0.733163832975 0.1)
(0.139989552351 0.0582863519607 0.1)
(0.0967022325643 0.0420956062806 0.1)
(0.053179147968 0.0532575186788 0.1)
(0.0348139792361 0.681063094301 0.1)
(0.0746216772839 0.693486685736 0.1)
(0.298247689127 0.925133962555 0.1)
(0.242726797161 0.948799108976 0.1)
(0.245038317191 0.901445599979 0.1)
(0.17845686941 0.496968681086 0.1)
(0.113130563277 0.524024342794 0.1)
(0.131365672561 0.468576112988 0.1)
(0.150426525193 0.105682799963 0.1)
(0.160027163732 0.160027163732 0.1)
(0.113294058663 0.136932337796 0.1)
(0.225198365319 0.0440182901375 0.1)
(0.180765444063 0.0402324375259 0.1)
(0.288637365271 0.624874712328 0.1)
(0.271248164689 0.671089700605 0.1)
(0.251609463476 0.633414881728 0.1)
(0.362168489554 0.906566683218 0.1)
(0.338330050524 0.954798420583 0.1)
(0.0603732609996 0.500481890749 0.1)
(0.0319155674232 0.527348892582 0.1)
(0.435256618446 0.650118569018 0.1)
(0.490356852993 0.622392045381 0.1)
(0.483942676517 0.678894253016 0.1)
(0.87220466906 0.325248343656 0.1)
(0.906566683218 0.362168489554 0.1)
(0.808053277934 0.106126847036 0.1)
(0.717841691741 0.129975401109 0.1)
(0.692441368601 0.0746349505025 0.1)
(0.757595335167 0.0977953876389 0.1)
(0.950677980846 0.398428099747 0.1)
(0.961421041216 0.462654157633 0.1)
(0.0780079111181 0.448314042022 0.1)
(0.0388987099171 0.463181015225 0.1)
(0.308320086203 0.836818336747 0.1)
(0.370341703542 0.852863472131 0.1)
(0.324922086142 0.874330717601 0.1)
(0.922929093836 0.448708175468 0.1)
(0.732834198454 0.0473613357379 0.1)
(0.535802181223 0.169293815674 0.1)
(0.592990138921 0.167721362024 0.1)
(0.561729922199 0.194858119851 0.1)
(0.629455582104 0.543825835858 0.1)
(0.647483168986 0.489921856733 0.1)
(0.679981353542 0.523655996707 0.1)
(0.23745987448 0.100079269248 0.1)
(0.193536221936 0.0833913726411 0.1)
(0.270406401302 0.0665785302076 0.1)
(0.339939659306 0.0883410622281 0.1)
(0.318853656289 0.14278809854 0.1)
(0.288462517766 0.107106529606 0.1)
(0.0405849215029 0.100440513405 0.1)
(0.88405193595 0.95765280188 0.1)
(0.946696580932 0.946756310564 0.1)
(0.842331804499 0.925238649377 0.1)
(0.905246749537 0.91025005085 0.1)
(0.828120475881 0.965039167235 0.1)
(0.954019700746 0.881078757245 0.1)
(0.753128118019 0.761165878822 0.1)
(0.74518068458 0.814116678234 0.1)
(0.699610149452 0.774945334028 0.1)
(0.880223081453 0.524836382914 0.1)
(0.828499825972 0.495546484153 0.1)
(0.871779764951 0.468216373527 0.1)
(0.639169789161 0.05233017334 0.1)
(0.925958329127 0.836342848617 0.1)
(0.946664562341 0.788874551329 0.1)
(0.964955803535 0.827521435691 0.1)
(0.759210689438 0.899872059388 0.1)
(0.789496823624 0.945906519025 0.1)
(0.732239851285 0.948937143886 0.1)
(0.681063094301 0.965186020764 0.1)
(0.688241101244 0.929682153776 0.1)
(0.905573867615 0.796587643731 0.1)
(0.882462534045 0.827338676971 0.1)
(0.575263674992 0.878380036384 0.1)
(0.592868142712 0.83309604374 0.1)
(0.625437102318 0.863755076798 0.1)
(0.884339584887 0.702239733483 0.1)
(0.900928184769 0.753374599828 0.1)
(0.848853163084 0.728194531287 0.1)
(0.952625571323 0.732825198778 0.1)
(0.671955451112 0.857906903307 0.1)
(0.641965761661 0.816903030654 0.1)
(0.855701051596 0.668881495034 0.1)
(0.800720057906 0.692865590848 0.1)
(0.82078282819 0.640065434247 0.1)
(0.503982382036 0.941751097545 0.1)
(0.527348892582 0.968084432577 0.1)
(0.907373976135 0.49721247509 0.1)
(0.937769955484 0.552939828838 0.1)
(0.473706907516 0.910400298103 0.1)
(0.463177751008 0.958532411498 0.1)
(0.441737045212 0.925690958244 0.1)
(0.961792479629 0.599663769171 0.1)
(0.0494320299252 0.398541850258 0.1)
(0.478428201096 0.0533182323124 0.1)
(0.518064305261 0.038692919986 0.1)
(0.16316990516 0.308319899592 0.1)
(0.147465768464 0.369741321834 0.1)
(0.125668532086 0.324918128349 0.1)
(0.466261461178 0.111865129951 0.1)
(0.466480109861 0.162732672523 0.1)
(0.429172821194 0.13339595234 0.1)
(0.310964215137 0.465684569609 0.1)
(0.289772959836 0.527349389943 0.1)
(0.266055111216 0.469692461465 0.1)
(0.436532502752 0.260691521674 0.1)
(0.389776536407 0.27610849309 0.1)
(0.408549652016 0.221683925874 0.1)
(0.0934333167819 0.362168489554 0.1)
(0.0451730884431 0.338385715786 0.1)
(0.429476522082 0.0841721681507 0.1)
(0.385350567409 0.0552740338913 0.1)
(0.349869251353 0.035751780188 0.1)
(0.397845113867 0.950316210271 0.1)
(0.58918965653 0.0444261073806 0.1)
(0.550369097608 0.0633806370405 0.1)
(0.708579808176 0.333006233109 0.1)
(0.674282820589 0.3696369108 0.1)
(0.652816487813 0.330940740631 0.1)
(0.883485877223 0.0423433249728 0.1)
(0.661972256803 0.57614546851 0.1)
(0.718118251979 0.555447468865 0.1)
(0.698769048646 0.604525137443 0.1)
(0.522903348701 0.886480742956 0.1)
(0.0966235306071 0.489784427689 0.1)
(0.0654910629479 0.147349974971 0.1)
(0.901842388842 0.654018091374 0.1)
(0.926341232145 0.691260246337 0.1)
(0.769608017225 0.550892435205 0.1)
(0.743137474769 0.591911588398 0.1)
(0.538993312285 0.664644037964 0.1)
(0.519510594045 0.717470938059 0.1)
(0.556613576108 0.940032916193 0.1)
(0.65403339441 0.0986542062357 0.1)
(0.668881495034 0.144298948404 0.1)
(0.622615485617 0.131122837372 0.1)
(0.519296239238 0.365634595651 0.1)
(0.536410775669 0.307760137318 0.1)
(0.566781538915 0.355337852066 0.1)
(0.291422396722 0.42421402014 0.1)
(0.060118074252 0.556611898291 0.1)
(0.434056221648 0.185268599765 0.1)
(0.461705096916 0.221374538602 0.1)
(0.453083166664 0.526412120523 0.1)
(0.398628700451 0.547891668259 0.1)
(0.40383595805 0.502267548048 0.1)
(0.230308974899 0.551336616093 0.1)
(0.269612487785 0.581242161748 0.1)
(0.580962085362 0.554950615648 0.1)
(0.573021487673 0.619523289152 0.1)
(0.537176112627 0.57813492192 0.1)
(0.492558816723 0.408687008688 0.1)
(0.472553055531 0.354866876368 0.1)
(0.804316485408 0.381063012079 0.1)
(0.780196359361 0.417348000349 0.1)
(0.739930469114 0.380766844202 0.1)
(0.252260346588 0.142841714512 0.1)
(0.425 0.0384924927296 0.1)
(0.639500460176 0.635213239956 0.1)
(0.584753791445 0.663820498855 0.1)
(0.823284065246 0.269155429503 0.1)
(0.792670328747 0.23357984542 0.1)
(0.884702310065 0.413777824697 0.1)
(0.226188991888 0.429454505542 0.1)
(0.260069530886 0.380766844202 0.1)
(0.423140552848 0.705900670755 0.1)
(0.429436192689 0.773766184956 0.1)
(0.380766844202 0.739930469114 0.1)
(0.26958717071 0.822990505909 0.1)
(0.218848893735 0.850600896153 0.1)
(0.177077893601 0.269647659007 0.1)
(0.152422661921 0.219765513265 0.1)
(0.207329671253 0.23357984542 0.1)
(0.806521549022 0.752568934305 0.1)
(0.309729188009 0.380733789224 0.1)
(0.361573604475 0.386091065957 0.1)
(0.347465590927 0.433416762014 0.1)
(0.614413199397 0.382617708412 0.1)
(0.611160745358 0.328639435133 0.1)
(0.67833502424 0.034450020922 0.1)
(0.64671550843 0.236885973824 0.1)
(0.704365507723 0.225756354534 0.1)
(0.68097052022 0.256674137555 0.1)
(0.948915407431 0.64493229801 0.1)
(0.965186020764 0.681063094301 0.1)
(0.145957524978 0.783914535968 0.1)
(0.129975401109 0.717841691741 0.1)
(0.0386967785557 0.599668529145 0.1)
(0.0510206272423 0.644949377112 0.1)
(0.784613371264 0.8516008922 0.1)
(0.724819437521 0.860155443043 0.1)
(0.599671990931 0.961296469088 0.1)
(0.644917759062 0.948929202505 0.1)
(0.349273354194 0.498991492369 0.1)
(0.394683426923 0.458005260761 0.1)
(0.381979166927 0.698043398394 0.1)
(0.337975196191 0.712087646647 0.1)
(0.356405117042 0.663742527689 0.1)
(0.780344392087 0.290166312667 0.1)
(0.835503368474 0.3059931668 0.1)
(0.948800032786 0.242750447253 0.1)
(0.186676699486 0.956715281532 0.1)
(0.290044815291 0.779466948065 0.1)
(0.0432847184677 0.186676699486 0.1)
(0.247512300854 0.25216223517 0.1)
(0.219308224592 0.290681475002 0.1)
(0.275 0.0287540279251 0.1)
(0.285674604909 0.163579494081 0.1)
(0.44200976131 0.436175413395 0.1)
(0.401981200503 0.41505051521 0.1)
(0.362452336393 0.218282099499 0.1)
(0.352803182873 0.169963611037 0.1)
(0.396152242593 0.165843346081 0.1)
(0.604082758732 0.446812545055 0.1)
(0.592501734506 0.503899789992 0.1)
(0.547840289694 0.469911193555 0.1)
(0.600020791769 0.217482214091 0.1)
(0.640504648991 0.184884375068 0.1)
(0.490047942007 0.555417636804 0.1)
(0.447975708644 0.605492693541 0.1)
(0.624181947756 0.684605391371 0.1)
(0.685083340206 0.663546986371 0.1)
(0.663368852122 0.71739226415 0.1)
(0.503936120207 0.146703598129 0.1)
(0.509869259528 0.205008516694 0.1)
(0.115465410132 0.413737463273 0.1)
(0.166560295893 0.421584831995 0.1)
(0.287670771123 0.334407466303 0.1)
(0.278931961595 0.283207249009 0.1)
(0.314379919746 0.304045791884 0.1)
(0.469508439158 0.865158465976 0.1)
(0.416840066578 0.887547498988 0.1)
(0.421584831995 0.833439704107 0.1)
(0.283755204034 0.719443776772 0.1)
(0.313068019963 0.671619660199 0.1)
(0.833439704107 0.421584831995 0.1)
(0.649145406081 0.402819848345 0.1)
(0.59971130447 0.794023725717 0.1)
(0.820386813777 0.543323579836 0.1)
(0.786755026423 0.505203063161 0.1)
(0.179895003076 0.636793401766 0.1)
(0.128664551049 0.624667559757 0.1)
(0.164043106661 0.592499042982 0.1)
(0.106066786227 0.807920916975 0.1)
(0.744470457986 0.183634006303 0.1)
(0.783878077867 0.146070881904 0.1)
(0.804818044364 0.189405457529 0.1)
(0.808304729372 0.892786067323 0.1)
(0.802018769309 0.802989270269 0.1)
(0.541582526404 0.52368493393 0.1)
(0.699929482741 0.46829490759 0.1)
(0.69809920513 0.415174456326 0.1)
(0.739925203786 0.428511095757 0.1)
(0.0338170421446 0.282150454206 0.1)
(0.282150641278 0.966181855981 0.1)
(0.853609986829 0.370748858 0.1)
(0.502561049102 0.454843648201 0.1)
(0.450509421454 0.484104334626 0.1)
(0.35718679156 0.130924069275 0.1)
(0.335594085454 0.610866204649 0.1)
(0.223595855835 0.662707041778 0.1)
(0.242735937599 0.700045527288 0.1)
(0.572405461039 0.714039558079 0.1)
(0.719117647059 0.719117647059 0.1)
(0.763723270589 0.717817347456 0.1)
(0.731764862959 0.506603307763 0.1)
(0.439805044716 0.566243412489 0.1)
(0.404925349836 0.374114090639 0.1)
(0.561797821491 0.12727373542 0.1)
(0.598936232525 0.0890976508876 0.1)
(0.334709765798 0.258434117623 0.1)
(0.318437182451 0.201131299342 0.1)
(0.257543795399 0.199072067166 0.1)
(0.286811796297 0.234956707006 0.1)
(0.5 0.5 0.1)
(0.389554678804 0.609556419449 0.1)
(0.0850874759209 0.607337095926 0.1)
(0.0973052501615 0.654663417838 0.1)
(0.654018091374 0.901842388842 0.1)
(0.832256702907 0.590501019263 0.1)
(0.866006540885 0.621822097011 0.1)
(0.719117647059 0.280882352941 0.1)
(0.66685027539 0.290531591041 0.1)
(0.339359043913 0.763748151162 0.1)
(0.210030361117 0.183721238961 0.1)
(0.188665971331 0.339119331287 0.1)
(0.235239135774 0.338601784941 0.1)
(0.493614816598 0.316102488991 0.1)
(0.499165081869 0.262298858511 0.1)
(0.118571499406 0.184309349049 0.1)
(0.890114987716 0.158685320292 0.1)
(0.158683961875 0.890110869376 0.1)
(0.202642434713 0.914334006327 0.1)
(0.734220561705 0.674007288472 0.1)
(0.851081682758 0.785618048248 0.1)
(0.625247445274 0.290893530251 0.1)
(0.691726936714 0.181455599628 0.1)
(0.228248212414 0.498860080824 0.1)
(0.189683359145 0.458392805765 0.1)
(0.499261914566 0.773203885596 0.1)
(0.494512940585 0.820215333268 0.1)
(0.458318921682 0.810239568741 0.1)
(0.469692461465 0.733944888784 0.1)
(0.337677531067 0.344359961955 0.1)
(0.421193538819 0.324927748327 0.1)
(0.392682891015 0.108971597273 0.1)
(0.623060829966 0.724661152809 0.1)
(0.699274863341 0.821720056643 0.1)
(0.837948504652 0.839878120705 0.1)
(0.460554428908 0.296442515871 0.1)
(0.553009549449 0.239797708702 0.1)
(0.598113563849 0.26336524236 0.1)
(0.579509854258 0.301815029165 0.1)
(0.814366472632 0.33828410202 0.1)
(0.763811710556 0.339311517202 0.1)
(0.200836314462 0.384451963923 0.1)
(0.384487446148 0.799106428306 0.1)
(0.758698120654 0.465290703087 0.1)
(0.655859210756 0.438553607123 0.1)
(0.352063473997 0.560044733306 0.1)
(0.394672416734 0.656795982055 0.1)
(0.746626056392 0.242819998119 0.1)
(0.185037606584 0.694424360729 0.1)
(0.144298948404 0.668881495034 0.1)
(0.189405457529 0.804818044364 0.1)
(0.944473766017 0.499293257865 0.1)
(0.866400508069 0.880924727807 0.1)
(0.905146346994 0.870858263156 0.1)
(0.906572341687 0.0942170173273 0.1)
(0.862718226163 0.117988154537 0.1)
(0.728219166671 0.631685329683 0.1)
(0.619499772645 0.592410919285 0.1)
(0.543267661608 0.819687882064 0.1)
(0.553001460945 0.766899301607 0.1)
(0.196056459669 0.572320543438 0.1)
(0.161893465274 0.542688996341 0.1)
(0.198920011553 0.528520163078 0.1)
(0.219735592169 0.607602668169 0.1)
(0.787734684973 0.595430413724 0.1)
(0.878380036384 0.575263674992 0.1)
(0.59643717664 0.755287560254 0.1)
(0.12336652552 0.576161443636 0.1)
(0.914912524079 0.607337095926 0.1)
(0.713045621234 0.900435015266 0.1)
(0.379554634252 0.339441805054 0.1)
(0.352970147582 0.301608158129 0.1)
(0.442930964056 0.389307742441 0.1)
(0.837901865263 0.158736064914 0.1)
(0.117952113625 0.862646953106 0.1)
(0.130637938542 0.275602486166 0.1)
(0.275602486166 0.869362061458 0.1)
(0.512683143652 0.100387443547 0.1)
(0.312281265387 0.572728171038 0.1)
(0.805263369286 0.458112432763 0.1)
(0.0901992327278 0.0901992327278 0.1)
(0.0812258303845 0.201821045191 0.1)
(0.311912696453 0.0486355422336 0.1)
(0.204259778158 0.133041405499 0.1)
(0.555968830569 0.41375632948 0.1)
(0.530983415354 0.618477139934 0.1)
(0.339215450473 0.811236409392 0.1)
(0.968084432577 0.527348892582 0.1)
(0.768404879156 0.642329705168 0.1)
(0.641394003935 0.767538115473 0.1)
(0.607337095926 0.914912524079 0.1)
(0.869362061458 0.275602486166 0.1)
(0.158713530391 0.837901246144 0.1)
(0.505352631333 0.852389285485 0.1)
)

// ************************************************************************* //
